14916641;556;553;491;660;555;656
14916642;706;610;696;629;550;564
16170579;618;545;583;650;621;661
18678455;679;603;689;563;643;516
14916643;631;533;619;625;634;487
17424517;490;732;495;647;560;583
14916644;479;609;688;603;490;750
18678456;485;543;483;502;659;550
16170580;661;518;622;493;680;539
17424518;639;654;500;583;714;724
14916645;547;542;622;495;563;710
18678457;692;659;658;625;625;617
16170581;662;529;540;588;525;593
17424519;540;738;732;529;588;601
14916646;520;529;555;510;664;501
18678458;519;560;522;736;626;538
16170582;557;562;626;661;749;690
17424520;535;600;587;735;608;625
14916647;708;689;633;628;630;516
18678459;582;540;521;554;490;535
16170583;700;549;573;591;740;567
17424521;501;533;638;553;499;503
14916648;485;712;541;695;664;681
18678460;697;526;658;649;652;622
16170584;667;602;614;686;488;684
17424522;674;503;551;543;634;544
14916649;529;545;584;478;576;546
18678461;548;708;507;550;679;720
16170585;566;665;669;522;658;668
17424523;553;572;569;594;641;535
14916650;740;710;706;694;630;499
18678462;712;673;660;601;622;605
16170586;699;620;673;649;608;544
17424524;740;636;485;507;734;518
14916651;660;522;524;626;545;718
18678463;485;506;703;707;667;705
16170587;661;727;581;633;686;672
17424525;552;603;740;540;538;714
14916652;481;489;725;722;688;619
18678464;691;726;628;579;734;554
16170588;557;736;582;561;573;692
17424526;608;532;725;626;495;660
14916653;655;731;665;619;595;653
18678465;590;736;551;727;689;709
16170589;623;559;678;655;706;691
17424527;616;742;646;492;613;712
14916654;740;480;574;577;637;497
18678466;744;620;554;638;476;692
16170590;540;574;541;666;631;545
17424528;533;617;640;505;610;556
14916655;643;527;705;652;720;678
18678467;475;539;486;719;539;535
16170591;622;618;526;543;601;536
17424529;627;749;750;558;653;494
14916656;674;505;541;492;705;525
18678468;686;537;728;556;647;610
16170592;528;476;677;709;647;531
17424530;739;628;487;527;684;691
14916657;494;549;495;736;641;632
18678469;663;708;506;743;663;589
16170593;525;545;486;540;701;488
17424531;622;510;504;661;521;643
14916658;501;680;639;482;558;486
18678470;650;711;477;745;623;558
16170594;655;665;619;673;622;538
17424532;492;608;578;668;551;574
14916659;638;529;497;616;635;650
18678471;702;740;570;651;726;675
16170595;725;488;478;475;723;493
17424533;490;572;495;527;555;697
14916660;656;636;611;546;650;720
18678472;641;735;649;484;693;600
16170596;586;654;686;707;481;501
17424534;744;548;582;566;710;678
14916661;484;565;549;626;485;634
18678473;526;721;626;569;629;613
16170597;506;537;628;592;660;650
17424535;643;484;585;502;547;681
14916662;663;636;728;575;553;636
18678474;683;742;555;695;705;687
16170598;734;575;570;619;548;571
17424536;587;552;741;494;590;605
14916663;516;703;630;484;522;509
18678475;557;698;579;506;716;557
16170599;528;656;715;719;489;655
17424537;682;529;596;557;555;725
14916664;598;521;551;558;743;661
18678476;484;607;666;647;745;491
16170600;717;712;567;666;606;667
17424538;648;570;486;520;663;736
14916665;587;677;570;509;568;645
18678477;729;565;691;577;551;711
16170601;686;527;697;539;746;528
17424539;510;573;743;583;677;502
14916666;678;513;539;614;526;560
18678478;480;642;549;510;523;656
16170602;544;546;584;583;719;671
17424540;532;542;609;614;582;635
14916667;600;577;687;680;499;684
18678479;480;489;575;734;537;569
16170603;533;661;728;563;484;550
17424541;589;668;723;525;653;485
14916668;662;725;500;525;507;740
18678480;503;724;653;705;678;549
16170604;557;595;567;626;617;727
17424542;511;580;540;518;508;491
14916669;561;723;519;635;611;713
18678481;719;575;563;520;647;537
16170605;687;710;513;606;520;515
17424543;653;714;665;696;495;475
14916670;581;739;733;716;503;608
18678482;737;555;674;632;588;492
16170606;548;491;498;632;608;723
17424544;569;586;559;654;682;657
14916671;539;494;690;554;680;558
16170607;524;475;728;558;514;622
18678483;634;625;552;536;591;578
14916672;513;624;532;600;584;735
16170608;637;601;535;652;521;690
18678484;603;687;637;735;622;553
17424545;537;703;714;605;726;542
14916673;732;721;575;580;569;484
16170609;750;499;675;702;490;478
18678485;558;750;651;536;495;514
17424546;693;536;585;573;475;679
14916674;667;507;491;573;614;615
18678486;607;522;729;744;524;509
16170610;717;608;532;584;585;551
17424547;571;615;539;649;644;613
14916675;576;663;631;661;726;624
18678487;585;568;608;713;602;556
16170611;592;506;692;720;701;486
17424548;716;631;718;622;531;561
14916676;699;646;736;501;529;479
18678488;634;575;713;605;649;750
16170612;723;502;559;581;535;738
17424549;520;617;603;740;594;692
14916677;669;577;605;565;660;725
18678489;734;721;577;693;600;746
16170613;698;527;679;687;478;539
17424550;616;622;505;659;581;498
14916678;588;676;509;557;523;516
18678490;562;531;600;624;731;527
16170614;664;502;660;743;638;498
17424551;537;654;634;531;740;611
14916679;499;631;677;498;541;706
18678491;494;699;707;527;521;717
16170615;703;685;647;649;605;526
17424552;717;723;715;664;510;589
14916680;487;701;507;549;673;567
18678492;483;505;747;568;606;658
16170616;629;675;687;615;707;616
17424553;641;742;716;564;604;509
14916681;502;705;475;549;483;495
18678493;569;529;564;591;581;670
16170617;532;714;705;616;641;525
17424554;554;488;515;533;612;584
14916682;635;686;562;680;593;729
18678494;624;542;485;622;656;734
16170618;724;614;520;731;540;514
17424555;534;510;637;484;532;512
14916683;509;684;743;493;588;618
18678495;510;654;643;514;657;510
16170619;580;617;727;582;572;580
17424556;730;679;649;496;597;514
14916684;678;642;556;516;632;696
18678496;626;554;484;525;735;593
16170620;667;702;689;734;711;520
17424557;506;729;702;694;708;659
14916685;531;687;664;724;646;669
18678497;682;598;491;659;526;572
16170621;479;516;583;652;701;487
17424558;675;704;490;720;640;689
14916686;655;627;555;560;524;547
18678498;709;547;713;546;664;577
16170622;516;539;596;627;535;569
17424559;529;480;529;671;636;611
14916687;738;549;747;666;747;712
18678499;535;519;504;686;533;687
16170623;539;536;694;599;742;720
17424560;706;709;739;678;567;504
14916688;481;713;644;706;503;555
18678500;488;669;649;704;578;516
16170624;503;746;575;657;537;585
17424561;639;743;699;534;588;616
14916689;746;664;626;576;656;565
18678501;498;722;730;530;735;501
16170625;738;493;680;482;748;737
17424562;671;694;528;545;553;636
14916690;728;497;738;573;670;709
18678502;641;740;560;496;635;735
16170626;481;497;593;517;516;530
17424563;559;542;702;726;707;740
14916691;477;700;704;540;694;684
18678503;702;712;624;649;545;722
16170627;679;514;623;659;571;559
17424564;550;654;506;481;592;494
14916692;689;660;508;649;684;697
18678504;659;577;616;569;651;564
16170628;503;530;520;696;736;716
17424565;523;544;713;595;557;515
14916693;721;502;605;709;685;514
18678505;665;537;706;739;521;696
16170629;735;532;652;559;531;623
17424566;493;646;490;628;550;612
14916694;736;501;563;684;568;557
18678506;729;557;505;627;726;719
16170630;688;636;703;483;713;519
17424567;688;532;583;692;562;647
14916695;536;641;537;730;514;707
18678507;637;534;569;497;746;704
16170631;637;714;527;498;599;585
17424568;526;690;628;524;581;688
14916696;734;586;556;498;504;477
18678508;647;544;511;719;524;517
16170632;683;476;688;713;709;653
17424569;734;547;485;610;727;525
14916697;713;594;585;503;536;499
18678509;572;566;478;677;623;523
16170633;564;657;604;636;718;628
17424570;556;498;733;511;632;686
14916698;741;589;522;684;719;623
18678510;641;503;549;621;615;711
16170634;526;542;644;556;554;484
17424571;539;654;701;652;558;641
14916699;548;562;654;750;745;709
18678511;630;622;691;521;694;569
16170635;660;705;716;558;689;688
17424572;557;601;505;587;627;626
14916700;476;645;486;715;480;718
18678512;738;574;702;651;707;690
16170636;584;697;738;518;573;555
17424573;750;578;749;741;523;685
14916701;618;744;625;701;634;713
18678513;596;520;586;744;708;554
16170637;677;608;723;519;615;482
17424574;667;494;567;584;476;644
14916702;688;585;505;704;663;538
18678514;580;527;509;593;580;696
16170638;668;494;480;711;580;554
17424575;508;518;659;607;624;737
14916703;615;662;715;613;548;517
18678515;749;576;667;575;577;616
16170639;585;487;547;741;550;670
17424576;515;608;694;736;564;696
14916704;623;678;610;573;618;697
18678516;664;631;543;547;719;653
16170640;710;656;503;561;615;743
17424577;663;673;724;575;628;577
14916705;728;664;741;603;743;695
16170641;719;586;654;514;578;602
18678517;700;649;677;522;598;518
17424578;617;475;500;593;555;669
14916706;602;541;700;511;508;668
16170642;576;493;689;618;684;736
18678518;611;727;546;518;680;655
17424579;625;646;558;696;564;561
14916707;496;704;610;745;651;497
16170643;651;679;559;650;701;490
18678519;510;701;728;558;550;568
17424580;512;606;560;696;552;739
14916708;588;717;574;616;688;570
16170644;593;727;492;619;515;744
18678520;647;513;561;650;529;516
17424581;489;577;568;500;559;500
14916709;496;661;668;637;747;495
16170645;603;684;623;492;607;745
18678521;577;709;691;686;511;641
17424582;738;660;583;641;624;621
14916710;743;562;659;666;708;670
16170646;599;506;645;526;570;575
18678522;670;565;492;608;696;675
17424583;738;697;615;646;619;517
14916711;749;591;564;495;712;522
16170647;729;568;659;578;574;646
18678523;545;711;725;606;513;664
17424584;523;625;642;627;639;481
14916712;603;494;657;742;744;477
16170648;659;550;534;672;719;671
18678524;480;649;642;596;477;691
17424585;709;581;635;671;499;638
14916713;638;692;603;631;549;744
16170649;656;663;681;736;575;714
18678525;694;634;744;693;636;592
17424586;495;499;739;674;656;509
14916714;672;579;565;740;511;514
16170650;631;707;680;698;671;531
18678526;538;686;629;641;532;657
17424587;673;527;518;736;562;710
14916715;693;681;514;728;673;566
16170651;551;552;702;624;687;525
18678527;512;616;524;695;675;574
17424588;601;689;612;668;702;597
14916716;553;514;609;620;724;727
16170652;487;619;500;508;670;475
18678528;727;520;747;684;507;524
17424589;641;493;687;535;660;528
14916717;565;580;738;711;672;526
16170653;661;640;678;657;517;672
18678529;678;568;652;570;742;700
17424590;516;711;737;744;646;500
14916718;517;676;495;735;488;625
16170654;736;722;520;697;705;650
18678530;705;666;591;549;636;747
17424591;707;698;518;618;489;743
14916719;697;735;679;578;610;498
16170655;544;732;569;682;744;486
18678531;654;684;538;479;520;665
17424592;684;669;496;709;545;618
14916720;479;494;543;510;547;716
16170656;647;492;527;515;495;538
18678532;586;728;739;580;542;634
17424593;678;701;554;710;477;704
14916721;649;670;516;728;535;551
16170657;478;624;586;495;633;588
18678533;729;738;512;622;589;496
17424594;500;512;476;717;585;477
14916722;731;595;494;713;499;675
16170658;612;661;688;677;622;708
18678534;493;511;662;684;616;743
17424595;723;493;540;624;671;669
14916723;690;534;702;750;595;558
16170659;556;497;529;586;701;502
18678535;485;568;594;692;582;513
17424596;739;508;568;693;477;729
14916724;617;642;567;730;518;500
16170660;674;691;586;722;547;729
18678536;543;487;613;736;670;634
17424597;642;622;615;735;651;488
14916725;584;507;641;574;706;716
16170661;553;586;603;500;629;699
18678537;707;746;698;734;497;692
17424598;650;733;623;653;553;567
14916726;700;620;585;721;688;675
16170662;699;723;612;527;533;595
18678538;696;720;546;750;634;664
17424599;488;673;482;573;652;585
14916727;569;537;494;650;712;733
16170663;567;513;618;663;571;712
17424600;713;478;661;556;515;714
14916728;595;744;530;517;605;620
16170664;502;746;690;541;644;633
17424601;595;544;735;643;691;492
14916729;589;580;578;667;480;647
16170665;573;674;685;547;545;619
17424602;540;613;570;477;523;616
14916730;738;477;715;517;613;716
16170666;599;520;528;701;715;508
17424603;516;485;713;597;625;549
14916731;744;689;640;736;730;675
16170667;638;670;558;479;595;606
17424604;476;602;498;576;627;599
14916732;611;490;722;605;658;686
16170668;516;677;716;546;633;613
17424605;557;525;615;579;629;667
14916733;625;594;713;484;575;642
16170669;664;602;720;739;661;652
17424606;658;640;652;639;491;714
14916734;558;699;704;614;626;741
16170670;703;732;599;688;711;540
14916735;486;681;719;528;730;735
16170671;656;642;741;497;666;701
14916736;525;715;604;678;666;595
16170672;512;552;707;654;673;639
14916737;488;537;702;667;582;712
16170673;496;662;708;543;484;636
14916738;504;744;508;540;696;662
16170674;526;578;645;614;677;486
14916739;683;575;574;645;520;655
16170675;681;604;581;741;611;532
18678539;689;581;643;635;631;579
17424607;589;502;679;731;710;600
14916740;712;532;673;605;725;630
16170676;684;620;713;710;506;513
17424608;689;732;519;517;624;571
18678540;721;510;700;669;683;670
14916741;609;583;492;735;569;530
16170677;538;548;601;662;485;683
17424609;476;698;718;709;587;719
18678541;476;591;564;550;736;688
14916742;636;607;550;488;632;691
16170678;488;689;499;571;670;695
17424610;661;727;524;735;680;602
18678542;583;645;570;599;555;609
14916743;647;543;542;667;481;544
16170679;605;501;673;749;584;485
17424611;704;725;550;502;664;579
18678543;617;475;496;526;647;599
14916744;573;568;697;564;750;605
16170680;641;520;479;590;501;513
17424612;587;538;679;531;672;517
18678544;705;734;748;659;741;746
14916745;591;703;698;590;629;725
16170681;731;530;714;641;658;738
17424613;586;496;662;679;634;569
18678545;484;667;665;518;566;498
14916746;492;507;742;566;495;584
16170682;718;575;619;581;663;719
17424614;487;528;736;489;551;666
18678546;626;641;523;726;540;576
14916747;481;687;528;703;732;491
16170683;617;574;567;738;708;602
17424615;740;646;591;639;739;691
18678547;491;571;613;524;584;738
14916748;599;560;496;566;546;665
16170684;485;491;526;577;710;495
17424616;538;478;650;745;693;716
18678548;501;687;598;632;620;651
14916749;668;539;549;709;602;680
16170685;559;575;622;719;519;679
17424617;648;739;522;535;629;649
18678549;705;606;496;688;578;627
14916750;631;602;559;633;515;603
16170686;568;545;490;740;612;603
17424618;595;512;633;606;513;703
18678550;670;521;489;504;556;662
14916751;662;522;657;700;498;730
16170687;591;665;736;735;698;525
17424619;539;575;560;564;704;662
18678551;610;582;649;656;669;618
14916752;732;477;614;535;584;565
16170688;748;715;482;683;640;644
17424620;578;719;696;559;555;550
18678552;574;684;744;726;633;639
14916753;703;645;525;624;704;576
16170689;595;559;739;693;520;745
17424621;649;476;574;502;653;500
18678553;570;713;624;617;700;620
14916754;711;600;504;511;726;536
16170690;582;539;706;528;477;696
17424622;690;581;494;698;614;747
18678554;720;643;645;708;645;599
14916755;504;640;484;669;577;561
16170691;622;680;685;583;489;499
17424623;615;522;661;748;677;537
18678555;534;686;483;477;487;709
14916756;634;518;511;597;563;631
16170692;718;519;552;475;485;535
17424624;560;519;570;731;508;524
18678556;675;544;640;553;529;614
14916757;522;749;565;610;538;666
16170693;748;728;519;645;702;716
17424625;511;653;540;509;585;734
18678557;512;562;700;671;485;671
14916758;686;658;601;541;580;484
16170694;737;673;667;588;742;601
17424626;670;707;477;728;675;631
18678558;634;551;486;647;489;703
14916759;597;603;676;544;572;610
16170695;663;518;667;589;711;575
17424627;578;737;500;707;686;491
18678559;665;565;667;592;514;625
14916760;687;542;694;632;707;553
16170696;646;659;686;621;600;666
17424628;725;636;573;711;699;640
18678560;479;679;716;672;566;721
14916761;523;735;607;699;705;484
16170697;548;645;670;692;588;683
17424629;695;512;493;706;737;602
18678561;491;515;619;571;610;726
14916762;669;589;608;700;590;568
16170698;548;504;537;571;482;515
17424630;680;726;554;572;525;675
18678562;570;680;555;699;647;544
14916763;716;581;563;727;592;695
16170699;675;676;663;656;657;480
17424631;591;658;613;667;636;574
18678563;616;713;745;678;477;544
14916764;510;496;659;663;703;546
16170700;541;672;617;671;744;510
17424632;625;656;561;580;548;582
18678564;519;652;640;606;672;603
14916765;489;594;516;541;679;734
18678565;535;651;545;661;513;626
17424633;677;485;641;524;705;710
16170701;532;701;641;589;512;607
14916766;594;658;582;624;530;510
18678566;486;509;635;483;514;659
17424634;654;649;610;591;584;741
16170702;669;597;706;569;676;484
14916767;668;597;736;682;666;731
18678567;718;662;746;480;746;491
17424635;678;661;709;691;589;591
16170703;675;530;744;677;475;714
14916768;677;741;595;524;598;571
18678568;607;664;639;687;741;701
17424636;577;574;518;702;534;554
16170704;478;657;721;615;711;678
14916769;511;750;717;643;495;598
18678569;620;617;563;639;744;484
17424637;725;659;569;595;494;538
16170705;531;520;708;481;608;552
14916770;619;684;646;741;531;509
18678570;550;608;743;625;612;692
17424638;477;705;623;725;645;616
16170706;707;524;600;726;638;493
14916771;652;617;585;548;515;670
17424639;601;734;607;487;493;708
18678571;558;685;647;540;607;691
16170707;475;674;688;569;614;699
14916772;587;626;730;512;658;576
17424640;536;614;486;528;559;670
18678572;590;685;575;630;683;555
16170708;678;716;605;657;603;562
14916773;630;475;611;612;593;723
17424641;631;681;718;664;560;698
18678573;589;652;519;593;719;584
16170709;484;607;569;590;638;656
14916774;717;744;613;533;661;487
17424642;710;721;724;734;608;628
18678574;672;564;750;520;707;607
16170710;493;599;496;616;668;693
14916775;590;542;567;502;512;669
17424643;528;618;500;533;705;534
18678575;543;709;481;569;733;507
16170711;690;524;568;619;576;477
14916776;725;491;711;559;646;613
17424644;598;499;707;576;491;734
18678576;571;737;617;495;593;581
16170712;579;746;748;568;559;542
14916777;734;511;722;518;615;617
17424645;673;483;604;656;628;707
18678577;687;551;645;667;743;514
16170713;699;634;739;495;583;636
14916778;531;535;512;742;615;630
17424646;744;478;669;526;542;500
18678578;652;641;513;711;707;736
16170714;738;528;681;545;723;612
14916779;711;685;544;507;533;635
17424647;588;695;536;619;655;706
18678579;676;630;652;655;618;569
16170715;626;726;553;723;628;692
14916780;571;645;519;487;525;543
17424648;682;622;732;675;611;602
18678580;618;653;553;724;707;637
16170716;722;681;733;590;580;719
14916781;620;511;676;674;660;588
17424649;687;737;631;644;640;556
18678581;658;642;570;578;527;690
16170717;684;685;490;579;618;659
14916782;519;561;565;674;516;725
17424650;632;648;661;745;510;626
18678582;739;668;503;703;619;716
16170718;727;739;509;479;663;541
14916783;642;677;559;620;611;487
17424651;520;525;604;590;733;566
18678583;597;676;515;656;628;650
16170719;632;486;749;648;616;666
14916784;702;577;516;521;551;679
17424652;567;538;680;538;637;556
18678584;735;559;697;529;490;581
16170720;585;672;656;734;528;574
14916785;534;731;678;477;653;720
17424653;560;658;674;691;608;498
18678585;694;629;536;544;629;512
16170721;624;517;717;638;500;732
14916786;493;717;539;577;540;583
17424654;666;543;597;545;655;510
18678586;710;574;547;564;734;643
16170722;734;627;621;675;565;633
14916787;663;523;488;665;482;544
17424655;688;579;736;740;702;475
18678587;721;497;627;479;660;650
16170723;611;516;540;516;641;657
14916788;673;681;695;505;527;692
17424656;712;672;709;585;686;705
18678588;528;572;588;540;673;728
16170724;560;592;687;724;616;683
14916789;559;749;541;483;508;560
17424657;569;513;546;582;636;622
18678589;729;555;511;518;514;589
16170725;475;633;628;633;611;533
14916790;606;517;701;628;502;665
17424658;580;548;551;731;735;645
18678590;688;644;717;737;593;729
16170726;567;557;688;566;584;641
14916791;517;529;518;668;663;670
17424659;646;735;625;643;615;676
18678591;578;632;610;495;489;512
16170727;482;545;527;603;682;611
14916792;679;676;541;731;607;477
17424660;486;496;631;548;602;664
18678592;559;749;617;613;613;676
16170728;518;736;692;529;645;748
14916793;634;599;572;551;732;501
17424661;593;479;722;718;504;503
18678593;702;594;630;595;745;732
16170729;717;634;580;700;710;578
14916794;743;588;718;498;626;719
17424662;518;630;521;685;556;726
18678594;602;490;491;744;503;610
16170730;700;542;568;632;475;669
14916795;658;684;712;571;519;712
17424663;617;571;664;612;514;513
18678595;652;630;557;694;684;596
16170731;748;747;695;698;623;586
14916796;523;489;710;530;672;750
17424664;611;748;493;696;494;526
18678596;690;502;722;634;659;595
16170732;637;735;721;539;725;707
14916797;676;510;740;568;521;605
17424665;509;572;612;519;595;633
18678597;678;567;627;659;525;521
16170733;506;668;505;691;541;696
14916798;689;603;707;493;621;729
17424666;638;611;547;605;671;614
18678598;709;708;545;483;741;634
16170734;667;568;707;721;589;637
14916799;660;737;644;671;598;635
17424667;519;522;681;521;721;659
18678599;602;583;704;567;483;714
16170735;700;528;620;695;592;503
14916800;639;523;739;631;556;558
17424668;629;694;736;746;672;658
18678600;718;584;542;497;500;701
16170736;556;511;750;525;492;652
14916801;659;550;664;630;486;534
17424669;493;621;577;511;579;708
18678601;635;481;599;707;708;727
16170737;632;699;546;746;486;608
14916802;557;624;551;700;606;738
18678602;744;745;576;595;478;582
17424670;653;744;516;705;548;533
16170738;701;714;498;616;702;486
14916803;681;686;556;748;498;718
18678603;750;587;499;492;697;527
17424671;479;544;740;733;612;616
16170739;701;675;543;660;672;680
14916804;739;649;667;730;567;675
18678604;484;577;712;578;593;652
17424672;486;558;711;515;516;534
16170740;745;513;572;589;709;511
14916805;505;642;577;600;479;656
18678605;737;622;595;494;483;750
17424673;690;708;670;676;748;601
16170741;643;479;738;584;603;745
14916806;511;532;701;729;594;732
18678606;600;686;735;565;662;701
17424674;735;664;739;720;578;633
16170742;496;716;739;621;651;574
14916807;656;647;706;594;613;551
18678607;719;620;649;551;692;671
17424675;676;707;662;749;742;490
16170743;518;633;484;575;493;629
14916808;678;746;649;665;552;479
18678608;627;619;630;586;641;633
17424676;604;511;697;502;636;571
16170744;593;492;501;628;500;748
14916809;637;721;548;559;497;597
18678609;720;605;594;632;711;699
17424677;567;488;541;602;628;590
16170745;580;536;510;632;535;702
14916810;524;597;519;607;716;663
18678610;671;543;592;608;515;713
17424678;481;488;525;702;730;679
16170746;610;659;536;504;613;561
14916811;479;508;703;710;711;565
18678611;727;684;634;478;699;688
17424679;508;686;693;677;623;561
16170747;637;521;629;565;736;749
14916812;606;530;711;579;524;528
18678612;578;715;692;585;478;694
17424680;624;549;667;745;576;506
16170748;733;653;672;691;503;651
14916813;548;628;641;610;615;583
18678613;719;708;721;615;623;638
17424681;583;743;655;580;534;585
16170749;606;553;633;568;536;499
14916814;577;487;536;627;583;585
18678614;492;604;508;482;514;613
17424682;629;730;634;689;611;563
16170750;670;676;739;578;710;653
14916815;630;484;750;663;564;696
18678615;695;478;672;578;708;568
17424683;744;688;573;555;720;483
16170751;542;683;496;613;703;703
14916816;508;627;640;577;561;496
18678616;600;490;539;698;697;585
17424684;678;718;559;721;646;619
16170752;635;718;636;734;481;723
14916817;724;696;625;691;528;655
18678617;708;650;532;638;690;478
17424685;543;567;613;678;639;705
16170753;718;703;627;604;677;582
14916818;616;645;571;531;733;643
18678618;598;539;729;519;717;573
17424686;711;516;635;521;636;723
16170754;525;565;486;733;652;750
14916819;518;525;672;490;652;506
18678619;590;648;531;497;674;565
17424687;743;712;643;522;572;632
16170755;622;497;628;686;545;483
14916820;617;545;491;616;553;620
18678620;509;666;647;552;569;748
17424688;643;610;644;740;668;725
16170756;482;730;706;704;631;693
14916821;681;728;636;677;682;707
18678621;478;717;482;591;483;575
17424689;620;606;572;502;619;528
16170757;553;647;626;725;528;715
14916822;625;726;551;523;579;718
18678622;736;528;482;601;514;718
17424690;570;566;504;566;539;585
16170758;612;741;728;520;512;667
14916823;575;554;587;544;613;743
18678623;681;670;646;638;549;500
17424691;719;703;553;571;585;573
16170759;639;522;622;568;582;620
14916824;676;583;648;548;601;693
18678624;589;566;502;485;621;744
17424692;500;539;509;702;693;735
16170760;532;535;619;597;548;648
14916825;670;706;633;682;684;712
18678625;582;653;544;481;590;710
17424693;518;607;679;657;554;502
16170761;521;691;748;658;629;597
14916826;616;501;729;598;712;581
18678626;634;500;711;613;585;668
17424694;528;748;653;534;520;715
16170762;594;724;599;609;623;529
14916827;622;693;610;677;520;504
18678627;747;658;595;643;579;746
17424695;719;541;578;599;638;477
16170763;587;570;697;695;552;517
14916828;507;660;711;745;628;517
18678628;516;623;484;685;671;579
17424696;728;498;639;569;521;652
16170764;717;680;588;743;546;725
14916829;497;634;506;525;632;479
18678629;539;528;536;667;553;718
17424697;592;531;507;480;695;501
16170765;535;711;676;521;593;638
14916830;749;590;573;629;710;489
18678630;564;640;661;746;490;554
17424698;510;500;637;499;494;492
16170766;479;683;724;511;664;482
14916831;668;546;597;494;738;632
18678631;484;571;700;747;704;530
17424699;560;497;496;629;565;588
16170767;499;636;623;569;625;603
14916832;577;610;590;543;583;746
18678632;569;647;582;581;550;739
17424700;588;712;662;497;500;711
16170768;517;481;632;650;505;620
14916833;682;738;545;558;603;728
17424701;653;679;713;475;558;692
16170769;476;734;739;520;734;700
18678633;545;628;671;508;714;567
14916834;728;480;529;663;602;559
17424702;522;556;596;561;525;726
16170770;737;734;502;569;698;737
18678634;649;613;495;660;556;587
14916835;485;567;579;589;716;669
17424703;541;714;722;532;582;579
16170771;502;483;706;683;547;621
18678635;509;672;521;698;611;494
14916836;676;505;708;527;530;704
17424704;550;559;729;635;665;640
16170772;501;570;716;653;549;716
18678636;618;664;654;608;491;642
14916837;738;593;680;595;502;575
17424705;578;673;661;611;581;482
16170773;609;732;577;721;686;676
18678637;571;586;676;677;566;481
14916838;583;685;551;696;670;580
17424706;601;716;503;663;565;746
16170774;531;490;562;630;600;515
18678638;650;611;591;608;700;748
14916839;689;596;667;538;652;651
17424707;577;593;695;541;746;737
16170775;721;707;595;685;605;490
18678639;739;485;654;604;537;716
17424708;494;518;562;670;664;619
14916840;481;647;647;690;744;726
16170776;487;529;504;485;626;692
18678640;679;521;567;661;611;674
17424709;729;631;570;485;526;562
14916841;710;510;664;580;692;681
16170777;672;504;553;648;634;562
18678641;737;661;672;583;705;549
17424710;721;620;645;501;701;704
14916842;721;685;509;705;641;608
16170778;561;568;662;734;567;703
18678642;637;515;585;567;736;595
17424711;561;710;528;588;496;582
14916843;643;667;735;481;621;494
16170779;512;742;618;611;667;500
18678643;592;610;580;607;673;703
17424712;643;549;651;608;686;557
14916844;601;601;530;634;700;682
16170780;681;663;527;644;542;591
18678644;484;710;618;685;745;501
17424713;619;662;659;728;500;712
14916845;738;589;541;682;614;609
16170781;557;525;626;556;580;721
18678645;736;720;506;662;676;624
17424714;611;707;483;504;727;742
14916846;710;514;663;621;491;495
16170782;626;630;540;541;680;594
18678646;486;741;620;715;567;686
17424715;480;573;681;649;666;625
14916847;593;529;556;591;631;666
16170783;531;505;636;737;606;702
18678647;501;703;727;638;490;510
17424716;738;708;488;611;741;530
14916848;641;727;723;565;618;663
16170784;647;624;678;696;639;507
18678648;580;513;528;738;681;745
17424717;508;508;588;744;631;683
14916849;594;513;737;684;562;571
16170785;706;579;577;616;563;497
18678649;667;489;484;706;716;745
17424718;502;735;504;573;663;546
14916850;500;517;490;564;694;746
16170786;695;475;532;624;516;626
18678650;550;601;512;595;523;514
17424719;518;504;578;519;700;543
14916851;692;701;488;584;703;577
16170787;720;494;560;718;728;525
18678651;651;682;576;498;521;663
17424720;613;524;741;723;484;634
14916852;689;651;647;663;535;564
16170788;546;610;666;560;599;724
18678652;591;604;553;727;685;681
17424721;652;523;614;598;582;511
14916853;729;653;484;548;682;679
16170789;695;679;622;552;539;586
18678653;700;605;744;624;689;625
17424722;567;696;711;624;583;680
14916854;739;568;542;584;654;585
16170790;603;685;503;524;631;632
18678654;715;660;649;611;488;556
17424723;643;688;500;730;518;605
14916855;549;619;501;500;735;627
16170791;745;506;736;660;607;487
18678655;632;633;578;499;739;500
17424724;618;569;645;631;544;728
14916856;611;523;546;571;633;647
16170792;565;723;730;635;614;688
18678656;491;543;595;603;566;729
17424725;571;580;514;600;511;717
14916857;568;712;515;631;738;661
16170793;561;545;668;676;558;596
18678657;648;710;484;585;630;502
17424726;746;664;633;568;680;568
14916858;602;711;672;535;477;665
16170794;661;597;553;705;647;744
18678658;485;554;740;674;548;549
17424727;628;744;547;618;537;705
14916859;652;486;540;566;481;706
16170795;672;547;549;490;554;559
18678659;585;574;644;507;581;619
17424728;744;604;612;739;700;533
14916860;746;715;719;633;576;569
16170796;566;500;634;494;600;698
18678660;735;478;493;536;592;746
17424729;483;582;649;675;477;713
14916861;610;672;695;585;617;621
16170797;575;571;555;577;498;480
18678661;515;590;566;622;656;656
17424730;646;616;516;580;477;605
14916862;614;527;686;587;555;666
16170798;629;536;489;499;749;696
18678662;707;649;614;728;685;567
17424731;614;477;567;530;573;674
14916863;744;602;742;500;660;706
16170799;571;634;500;648;528;626
18678663;695;507;662;565;576;738
17424732;523;618;681;543;680;614
16170800;711;572;666;519;635;645
18678664;691;541;744;516;736;671
14916864;530;645;619;643;748;489
17424733;697;555;543;561;600;687
16170801;747;515;501;638;734;651
18678665;703;481;745;482;488;730
14916865;617;566;503;530;707;600
17424734;528;674;507;490;594;519
16170802;498;614;559;507;526;744
18678666;594;620;572;733;711;705
14916866;704;545;742;688;591;695
17424735;645;664;483;603;650;611
16170803;582;600;637;675;479;715
18678667;545;588;562;599;649;660
14916867;499;626;739;564;503;660
17424736;690;746;524;491;735;731
16170804;707;587;734;576;586;486
18678668;504;520;718;513;594;664
14916868;628;492;686;551;572;727
17424737;711;548;611;563;687;498
16170805;517;616;599;665;517;519
18678669;644;566;663;619;608;487
14916869;505;738;565;499;483;683
17424738;689;715;596;476;631;555
16170806;622;493;680;619;707;743
18678670;738;485;705;505;516;709
14916870;533;682;725;615;567;624
17424739;651;529;706;725;714;566
16170807;584;532;664;697;745;590
18678671;625;575;535;685;658;683
14916871;646;701;573;508;746;576
17424740;641;703;693;643;655;594
16170808;736;704;712;571;736;693
18678672;486;603;674;547;596;562
14916872;740;603;748;503;675;707
17424741;518;642;586;729;673;644
16170809;536;566;641;612;483;566
18678673;687;530;599;510;686;514
14916873;705;674;565;727;492;573
17424742;685;701;509;496;637;653
16170810;683;715;709;646;495;483
18678674;638;665;491;654;561;663
14916874;710;598;594;680;643;608
17424743;656;625;742;489;550;554
16170811;601;655;560;481;568;545
18678675;745;745;624;598;601;475
14916875;708;483;652;545;672;585
17424744;636;723;584;726;512;640
16170812;532;728;581;739;573;671
18678676;518;572;571;721;657;736
14916876;552;724;479;726;714;671
17424745;564;660;496;680;656;562
16170813;725;714;602;572;623;677
18678677;567;736;724;667;703;553
14916877;563;741;628;695;719;511
17424746;597;520;704;563;548;683
16170814;611;657;544;486;627;700
18678678;503;591;544;490;642;591
14916878;570;651;662;725;495;714
17424747;591;511;477;528;580;542
16170815;541;513;611;668;522;710
18678679;732;577;718;618;678;572
14916879;612;485;512;591;685;496
17424748;703;724;519;713;720;700
16170816;713;648;660;557;537;549
18678680;702;546;479;519;747;509
14916880;644;666;749;555;688;735
17424749;484;675;606;731;511;733
16170817;700;598;595;739;694;584
18678681;658;694;562;496;670;525
14916881;697;491;476;596;709;488
17424750;595;672;584;631;491;684
16170818;559;656;527;648;520;661
18678682;590;513;508;749;728;749
14916882;593;648;576;579;696;496
17424751;618;545;719;603;683;638
16170819;525;637;564;635;522;607
18678683;544;568;672;492;488;719
14916883;645;480;486;718;567;587
17424752;723;525;750;503;666;610
16170820;638;525;620;577;694;651
18678684;485;609;698;527;615;727
14916884;499;566;642;559;744;589
17424753;668;634;579;561;512;524
16170821;531;739;674;676;480;600
18678685;519;520;535;742;664;512
14916885;605;635;650;603;749;667
17424754;720;631;578;695;663;570
16170822;510;631;548;475;493;691
18678686;558;608;577;625;600;528
14916886;555;585;691;733;669;733
17424755;633;537;542;543;677;742
16170823;602;608;715;658;689;627
18678687;611;734;660;747;739;512
14916887;691;546;520;709;740;556
17424756;547;621;541;501;597;671
16170824;540;690;484;651;608;535
18678688;658;745;631;729;725;506
14916888;530;524;655;633;657;512
17424757;502;583;733;710;516;609
16170825;584;660;554;550;640;543
18678689;546;578;515;618;621;694
14916889;636;491;716;504;513;478
17424758;724;735;692;673;679;610
16170826;598;747;648;504;614;713
18678690;609;493;630;591;643;693
14916890;702;569;595;591;645;719
17424759;673;745;648;632;666;694
16170827;581;494;649;704;677;525
18678691;687;502;506;721;716;498
14916891;543;671;658;522;479;562
17424760;595;617;660;639;530;615
16170828;573;682;630;533;634;544
18678692;620;674;527;706;598;694
14916892;475;648;695;692;743;738
17424761;742;659;654;664;553;703
16170829;482;714;704;522;503;620
18678693;577;537;721;691;492;520
14916893;582;490;685;635;684;596
17424762;539;733;688;638;608;525
16170830;747;638;715;732;640;748
18678694;608;714;677;679;627;670
14916894;588;697;696;700;531;621
17424763;506;604;671;595;531;686
18678695;565;628;480;602;658;720
14916895;499;730;691;518;486;587
16170831;644;543;749;697;653;631
17424764;681;708;547;638;730;583
18678696;748;568;485;738;498;679
14916896;555;629;648;600;700;655
16170832;691;582;684;694;634;630
17424765;498;505;606;480;688;659
18678697;520;583;566;565;479;621
14916897;505;559;610;700;646;559
16170833;745;524;509;545;483;664
17424766;656;737;729;717;678;750
18678698;732;488;725;645;687;615
14916898;637;718;608;658;481;581
16170834;734;498;479;721;613;658
17424767;483;649;716;643;651;676
18678699;495;743;633;718;477;669
14916899;698;612;654;590;668;526
16170835;525;699;646;524;676;651
17424768;567;614;651;601;690;602
18678700;584;604;707;666;481;654
14916900;505;690;609;585;747;707
16170836;622;582;548;667;676;663
17424769;628;628;647;714;625;480
18678701;519;739;496;632;671;750
14916901;728;592;608;525;645;693
16170837;478;545;723;496;522;587
17424770;523;558;525;511;572;655
18678702;694;634;583;683;737;686
14916902;524;613;656;697;711;536
16170838;493;505;709;647;546;632
17424771;536;663;620;484;598;545
18678703;647;566;672;530;674;584
14916903;503;546;696;491;707;618
16170839;588;543;568;600;532;539
17424772;738;632;554;546;742;609
18678704;671;563;662;561;699;520
14916904;532;555;704;632;623;534
16170840;642;494;668;670;592;636
17424773;709;677;728;648;677;631
18678705;700;661;731;633;503;492
14916905;708;546;579;532;704;630
16170841;606;592;655;735;479;479
17424774;737;640;714;740;712;506
18678706;544;648;654;516;608;639
14916906;554;494;536;488;497;691
16170842;546;640;617;585;672;615
17424775;717;568;708;703;520;502
18678707;684;561;643;476;720;529
14916907;640;517;694;714;536;581
16170843;491;533;664;518;521;505
17424776;585;553;690;672;642;481
18678708;625;733;486;487;552;534
14916908;581;531;504;712;492;499
16170844;575;737;541;704;533;686
17424777;516;514;622;735;595;605
18678709;708;652;685;486;514;490
14916909;697;612;681;609;659;511
16170845;664;530;575;698;713;506
17424778;503;731;620;512;675;720
18678710;499;725;714;564;555;599
14916910;750;723;496;623;644;710
16170846;538;657;492;475;539;559
17424779;487;524;604;676;511;653
18678711;705;664;624;575;740;651
14916911;747;538;534;704;723;512
16170847;528;627;740;661;627;502
17424780;581;498;523;504;698;619
18678712;501;629;518;481;497;553
14916912;721;527;477;558;551;547
16170848;500;734;488;509;618;520
17424781;706;519;731;732;734;580
18678713;587;675;719;624;648;707
14916913;733;587;656;647;652;620
16170849;618;677;618;695;724;722
17424782;514;566;716;507;551;639
18678714;623;478;487;659;544;478
14916914;698;648;503;584;649;678
16170850;526;576;538;636;705;577
17424783;505;493;709;545;609;671
18678715;567;686;525;480;593;499
14916915;618;646;709;517;662;654
16170851;696;542;587;673;569;481
17424784;540;666;645;505;715;551
18678716;551;477;516;669;631;536
14916916;744;629;724;619;527;561
16170852;511;660;693;649;616;532
17424785;681;492;633;561;627;729
18678717;661;493;676;684;603;523
14916917;654;518;596;476;602;560
16170853;501;739;708;566;524;552
17424786;597;654;641;497;540;507
18678718;702;667;564;659;545;512
14916918;566;603;500;666;680;686
16170854;626;646;487;617;482;746
17424787;609;502;703;542;609;621
18678719;562;482;608;477;728;743
14916919;662;600;706;558;541;733
16170855;503;670;528;698;595;510
17424788;716;708;738;546;626;559
18678720;610;511;621;478;484;621
14916920;683;663;689;638;721;748
16170856;620;603;519;658;596;744
17424789;586;534;656;506;501;531
18678721;700;702;637;533;492;504
14916921;515;556;595;479;529;530
16170857;489;711;579;528;697;527
17424790;741;653;504;698;720;590
18678722;601;750;628;588;537;576
14916922;531;738;646;673;602;685
16170858;550;660;628;606;592;697
17424791;638;563;656;578;719;683
18678723;562;741;504;659;532;525
14916923;719;517;662;742;593;492
16170859;705;564;616;624;652;743
17424792;637;573;616;593;563;609
18678724;676;740;608;636;594;483
14916924;514;571;691;690;532;717
16170860;615;613;476;487;475;685
17424793;746;655;550;581;535;608
18678725;532;487;727;594;704;688
14916925;637;609;745;659;641;585
16170861;548;580;565;540;603;511
17424794;726;554;720;644;693;493
18678726;650;618;677;736;712;694
16170862;488;508;704;632;747;489
17424795;508;703;704;654;489;626
14916926;632;668;556;640;483;683
18678727;630;655;672;574;605;535
16170863;717;574;488;693;514;536
17424796;689;506;653;681;661;697
14916927;585;687;625;539;545;572
18678728;736;679;494;657;727;634
16170864;629;488;604;636;706;655
17424797;660;629;594;563;609;563
14916928;650;609;666;596;743;649
18678729;747;491;631;698;548;507
16170865;547;663;698;738;740;697
17424798;741;618;671;484;493;750
14916929;484;744;534;663;596;692
18678730;487;696;676;749;724;643
16170866;493;584;658;715;718;503
17424799;717;563;579;728;514;576
14916930;495;503;574;672;660;728
18678731;517;594;619;734;526;548
16170867;522;621;691;575;538;662
17424800;537;489;725;719;724;651
14916931;584;529;565;738;553;506
18678732;629;481;632;533;548;661
16170868;673;502;706;519;622;563
17424801;718;645;676;577;523;686
14916932;596;493;660;482;746;576
18678733;749;693;588;516;508;480
16170869;731;722;527;622;674;595
17424802;720;481;624;631;636;490
14916933;580;657;606;601;536;544
18678734;536;491;750;638;525;701
16170870;746;513;707;636;479;648
17424803;708;537;536;660;623;565
14916934;481;527;638;648;540;719
18678735;727;540;500;519;588;547
16170871;619;679;597;748;711;645
17424804;600;682;620;704;715;541
14916935;737;661;645;577;562;647
18678736;728;495;635;681;639;628
16170872;725;707;693;719;501;607
17424805;541;644;607;643;563;524
14916936;484;612;506;660;724;690
18678737;502;679;518;747;651;535
16170873;698;673;654;563;602;482
17424806;528;584;602;547;551;540
14916937;555;598;514;692;510;738
18678738;703;698;746;624;618;688
16170874;697;611;602;620;500;515
17424807;514;745;635;728;625;583
14916938;624;634;575;685;663;580
18678739;731;516;518;598;711;673
16170875;726;695;554;566;706;591
17424808;631;620;580;524;743;588
14916939;612;525;528;488;643;684
18678740;510;723;583;568;547;692
16170876;684;720;550;607;585;725
17424809;626;545;531;564;612;483
14916940;623;643;556;495;635;510
18678741;598;494;610;677;748;590
16170877;522;497;580;599;503;509
17424810;608;635;540;572;655;544
14916941;650;542;565;567;645;578
18678742;516;543;680;606;489;558
16170878;613;616;558;497;622;584
17424811;537;728;746;640;655;722
14916942;611;748;520;481;668;723
18678743;705;628;606;511;703;594
16170879;609;709;609;559;560;708
17424812;727;675;608;727;651;674
14916943;520;702;535;743;621;720
18678744;541;684;507;604;513;589
16170880;743;658;610;568;750;648
17424813;537;567;747;614;715;557
14916944;587;688;515;557;675;543
18678745;553;584;707;601;637;701
16170881;735;721;709;663;553;735
17424814;522;643;606;715;634;630
14916945;722;735;511;689;692;626
18678746;562;656;606;696;498;739
16170882;573;540;651;500;568;637
17424815;526;561;504;746;498;735
14916946;725;588;548;738;693;630
18678747;561;493;507;532;513;686
16170883;703;692;576;691;620;657
17424816;604;550;601;624;644;703
14916947;479;563;475;483;696;572
18678748;493;534;533;543;573;728
16170884;482;586;709;750;617;577
17424817;653;694;676;528;649;719
14916948;717;515;625;598;558;666
18678749;643;579;750;483;612;709
16170885;552;549;674;671;666;533
17424818;545;501;744;492;577;698
14916949;550;719;475;593;598;655
18678750;493;719;631;640;488;623
16170886;475;744;716;553;506;621
17424819;596;497;484;515;503;547
14916950;745;516;733;525;639;748
18678751;585;537;678;515;626;499
16170887;682;723;540;533;670;619
17424820;696;696;735;621;658;564
14916951;706;562;680;521;550;578
18678752;715;693;559;591;687;750
16170888;707;478;496;620;524;697
17424821;740;688;540;655;564;683
14916952;513;477;608;727;577;578
18678753;701;660;641;659;512;643
16170889;557;634;556;688;635;515
17424822;598;538;509;742;726;674
14916953;572;548;566;526;628;681
18678754;493;503;479;654;630;689
16170890;716;629;559;642;531;574
17424823;694;480;497;660;581;597
14916954;691;618;641;608;558;651
18678755;639;658;726;591;636;694
16170891;748;475;654;584;542;528
17424824;507;493;679;528;515;600
14916955;516;564;546;600;513;648
18678756;663;658;528;711;546;657
16170892;718;519;480;495;506;500
17424825;717;487;561;635;603;648
14916956;600;697;685;712;597;736
18678757;703;497;619;635;750;581
16170893;723;484;679;665;716;475
14916957;596;556;728;704;713;611
17424826;483;512;695;540;694;489
18678758;729;705;498;633;607;477
16170894;734;484;681;644;545;576
17424827;732;749;683;735;598;722
18678759;676;642;695;580;738;749
16170895;600;620;619;625;488;726
17424828;741;605;665;692;624;593
18678760;588;622;583;497;722;747
16170896;502;711;577;511;502;687
14916958;627;655;722;583;561;516
17424829;478;480;600;527;627;515
18678761;479;591;679;709;613;716
16170897;535;525;501;572;574;723
14916959;688;542;562;728;531;669
17424830;688;613;654;630;654;592
18678762;740;666;695;608;524;680
16170898;705;745;549;523;603;570
14916960;584;499;549;583;744;575
17424831;748;739;514;636;601;534
18678763;624;592;513;483;479;691
16170899;480;575;748;498;716;525
14916961;496;505;528;709;486;531
17424832;525;671;505;561;475;638
18678764;731;701;654;523;512;529
16170900;544;640;523;747;528;655
14916962;598;599;522;728;589;723
17424833;723;718;493;569;560;638
18678765;714;688;644;673;621;675
16170901;645;475;726;682;616;632
14916963;512;633;494;517;729;708
17424834;541;719;567;681;485;586
18678766;505;598;729;619;729;659
16170902;619;511;738;540;600;519
14916964;599;525;641;591;598;544
17424835;477;561;592;616;506;651
18678767;482;702;687;499;688;596
16170903;655;598;749;685;540;749
14916965;565;685;546;588;680;731
17424836;537;688;642;621;548;748
18678768;558;565;658;476;683;609
16170904;496;483;494;499;596;557
14916966;664;490;523;721;563;533
17424837;630;743;697;509;679;706
18678769;735;524;689;720;677;693
16170905;596;736;637;501;725;546
14916967;510;729;699;542;656;620
17424838;661;604;608;750;572;547
18678770;627;685;548;657;718;589
16170906;652;552;494;693;659;509
14916968;688;493;600;595;733;571
17424839;538;602;528;748;635;621
18678771;665;547;587;733;535;689
16170907;666;547;704;582;502;713
14916969;678;487;685;493;582;624
17424840;486;513;749;619;523;627
18678772;737;718;692;579;731;669
16170908;613;580;698;564;682;717
14916970;576;600;509;523;629;624
17424841;667;735;625;744;535;657
18678773;655;582;659;675;503;543
16170909;502;564;617;672;661;538
14916971;540;611;597;717;490;565
17424842;497;527;578;721;714;534
18678774;682;479;527;515;610;499
16170910;662;569;644;612;733;693
14916972;581;488;562;737;709;741
17424843;482;517;735;676;522;606
18678775;709;721;484;533;712;729
16170911;607;571;612;477;543;558
14916973;728;642;601;551;710;711
17424844;716;602;716;625;666;733
18678776;605;576;742;574;530;616
16170912;543;636;490;547;526;515
14916974;475;483;553;709;644;538
17424845;734;530;633;575;735;557
18678777;723;569;537;722;679;525
16170913;667;750;573;601;626;697
14916975;700;662;687;639;629;634
17424846;637;576;651;610;490;566
18678778;674;735;531;658;523;606
16170914;673;710;525;681;689;679
14916976;493;497;481;735;486;732
17424847;587;591;546;645;574;571
18678779;575;588;658;609;483;601
16170915;726;677;613;510;479;475
14916977;514;727;552;624;684;615
17424848;583;620;725;549;658;682
18678780;607;584;714;484;589;658
16170916;529;659;744;705;488;626
14916978;730;710;526;610;631;519
17424849;505;689;702;521;632;671
18678781;528;559;699;708;730;504
16170917;524;504;544;634;729;584
14916979;549;667;588;496;742;576
17424850;672;548;746;536;488;702
18678782;478;686;591;552;547;570
16170918;515;714;742;672;653;551
14916980;519;651;480;544;676;491
17424851;688;581;564;677;530;703
18678783;570;507;637;477;623;634
16170919;560;486;684;696;554;683
14916981;502;506;533;684;723;493
17424852;511;498;645;624;509;502
18678784;618;700;578;585;635;586
16170920;654;707;508;587;696;647
14916982;643;516;715;480;600;700
17424853;574;555;642;650;483;547
18678785;723;640;589;654;573;476
16170921;594;728;486;732;577;484
14916983;627;585;631;553;708;552
17424854;535;546;672;692;558;581
18678786;600;695;671;605;690;716
16170922;668;570;550;703;525;676
14916984;494;596;704;685;624;567
17424855;713;666;625;587;693;604
18678787;487;626;644;678;678;615
16170923;612;552;540;589;533;547
14916985;670;572;715;627;531;589
17424856;541;549;483;612;514;698
18678788;555;496;750;619;601;627
16170924;586;619;736;665;708;671
14916986;519;646;712;678;626;649
17424857;573;626;650;695;570;647
16170925;479;550;735;496;681;499
18678789;534;599;725;698;726;658
14916987;665;720;586;657;545;599
17424858;582;726;515;514;617;665
16170926;583;542;653;719;523;596
18678790;602;601;702;593;551;748
14916988;712;694;706;540;511;633
17424859;634;491;609;507;605;579
16170927;558;736;573;568;508;540
18678791;696;692;660;515;717;746
14916989;579;542;717;734;553;589
17424860;575;574;720;736;494;533
16170928;492;522;672;594;574;576
18678792;572;653;739;499;496;481
14916990;503;525;528;579;646;513
17424861;704;723;557;726;502;508
16170929;729;671;563;670;630;748
18678793;629;627;668;674;604;520
14916991;550;569;609;636;588;683
17424862;634;729;690;543;545;489
16170930;630;623;728;615;603;701
18678794;477;503;742;644;685;576
14916992;623;527;607;702;534;668
17424863;481;647;566;622;617;494
16170931;583;614;614;570;506;616
18678795;706;629;617;544;601;731
14916993;718;615;545;750;727;548
17424864;484;557;723;489;525;745
16170932;675;655;650;608;553;559
18678796;697;583;595;520;680;514
14916994;702;641;674;716;512;703
17424865;634;627;475;549;477;750
16170933;649;631;675;545;532;704
18678797;481;492;619;512;577;532
14916995;664;724;742;570;637;534
17424866;592;548;480;659;559;750
16170934;488;521;620;594;485;484
18678798;503;504;689;609;698;703
14916996;519;489;563;643;640;721
17424867;507;671;549;706;543;670
16170935;541;540;602;597;538;548
18678799;644;666;722;520;666;560
14916997;679;503;583;478;737;496
17424868;631;549;646;559;635;557
16170936;541;708;704;617;694;557
18678800;595;671;661;485;705;683
14916998;501;541;640;639;486;613
17424869;685;629;477;656;478;652
16170937;692;576;575;536;688;728
18678801;485;690;483;500;604;569
14916999;606;636;682;685;602;588
17424870;649;711;666;557;611;715
16170938;510;480;486;594;645;678
18678802;644;646;720;493;640;484
14917000;526;582;662;625;598;692
17424871;691;652;585;497;559;526
16170939;692;558;524;624;641;548
18678803;654;586;676;715;567;550
14917001;502;551;574;567;515;559
17424872;672;515;587;487;673;486
16170940;708;571;711;742;598;626
18678804;666;503;591;719;504;660
14917002;739;641;588;595;692;557
17424873;721;684;479;536;620;715
16170941;484;567;519;639;749;688
18678805;724;741;737;582;726;656
14917003;508;478;716;685;644;631
17424874;582;743;565;716;749;483
16170942;595;665;713;520;567;687
18678806;746;738;532;721;627;561
14917004;621;613;672;631;734;592
17424875;591;613;494;645;537;576
16170943;619;575;586;476;570;730
18678807;500;567;503;711;548;564
14917005;517;617;608;492;603;556
17424876;529;557;726;503;484;563
16170944;516;745;645;643;718;520
18678808;580;586;607;633;526;706
14917006;524;486;604;731;524;659
17424877;553;545;643;605;648;490
16170945;736;629;744;607;735;689
18678809;599;649;683;723;531;537
14917007;714;604;586;479;614;498
17424878;479;732;684;492;670;554
16170946;562;562;535;701;569;748
18678810;595;682;502;705;495;686
14917008;611;485;488;654;561;577
17424879;549;742;569;567;647;573
16170947;687;684;551;555;502;678
18678811;634;476;545;624;533;711
14917009;747;679;489;561;708;706
17424880;534;509;511;516;479;714
16170948;543;519;733;500;665;669
18678812;737;569;528;505;748;499
14917010;550;601;557;584;578;748
17424881;691;651;646;636;587;605
16170949;708;682;543;640;613;648
18678813;671;625;631;701;529;674
14917011;598;622;695;613;737;706
17424882;507;609;623;548;697;679
16170950;613;678;720;488;540;561
18678814;701;581;703;736;605;522
14917012;611;560;684;683;719;687
17424883;719;524;716;602;560;502
16170951;476;680;517;486;498;514
18678815;714;689;550;676;591;518
14917013;570;497;657;691;736;566
17424884;631;482;503;613;553;499
16170952;528;579;725;526;668;667
18678816;675;492;655;503;514;639
14917014;536;649;583;524;530;514
17424885;701;618;487;629;502;646
16170953;532;658;660;540;640;603
18678817;586;654;631;486;532;741
14917015;580;629;556;655;556;523
17424886;643;635;584;731;563;607
16170954;690;706;658;676;547;516
18678818;729;713;642;636;603;588
14917016;704;702;641;641;642;572
17424887;719;645;665;725;661;576
16170955;648;549;566;579;496;528
18678819;710;735;734;568;605;721
14917017;728;499;543;562;615;517
16170956;548;496;563;739;708;542
17424888;704;621;649;514;613;529
18678820;554;544;706;621;679;737
14917018;639;720;684;564;536;616
16170957;541;720;477;573;710;547
17424889;567;666;687;589;741;517
18678821;607;566;481;679;705;550
14917019;666;553;546;525;484;503
16170958;666;516;489;496;616;722
17424890;572;726;610;712;552;587
18678822;718;615;602;743;575;523
14917020;719;712;698;711;667;614
16170959;661;642;517;505;498;644
17424891;552;749;548;663;511;579
18678823;500;648;484;640;506;715
14917021;651;598;736;560;703;642
16170960;717;495;710;552;715;642
17424892;574;553;634;575;668;651
18678824;478;743;565;562;512;597
14917022;547;525;660;572;496;730
16170961;594;674;630;532;685;639
17424893;494;483;515;659;549;619
18678825;634;569;528;614;506;552
14917023;629;699;484;619;570;539
16170962;477;494;725;747;738;744
17424894;691;510;552;692;733;721
18678826;561;540;571;749;588;672
14917024;499;720;639;690;509;563
16170963;504;741;664;562;599;665
17424895;498;496;534;636;508;634
18678827;513;543;663;620;721;697
14917025;617;567;680;615;660;576
16170964;520;492;525;704;519;669
17424896;574;523;554;709;640;730
18678828;625;593;570;663;618;484
14917026;486;678;724;485;711;622
16170965;529;541;729;542;650;681
17424897;728;516;653;692;624;700
18678829;499;543;552;481;681;609
14917027;744;525;626;672;495;512
16170966;623;566;718;516;624;636
17424898;557;627;638;729;616;583
18678830;710;504;728;517;571;681
14917028;626;741;576;667;670;523
16170967;650;727;665;691;547;622
17424899;493;699;669;692;550;623
18678831;688;730;717;697;584;631
14917029;511;739;561;540;482;505
16170968;719;732;521;618;589;672
17424900;645;600;478;491;478;682
18678832;686;562;701;508;586;637
14917030;522;596;514;562;671;554
16170969;739;522;656;731;625;681
17424901;600;525;500;546;593;564
18678833;623;729;679;585;586;688
14917031;667;502;692;558;653;647
16170970;585;662;498;709;604;672
17424902;636;664;687;560;697;750
18678834;595;649;722;639;519;589
14917032;530;515;678;539;619;738
16170971;604;558;692;747;651;637
17424903;540;518;668;554;702;735
18678835;666;613;560;740;749;620
14917033;747;551;566;648;658;672
16170972;655;652;555;634;491;671
17424904;728;732;637;637;713;655
18678836;579;733;507;516;476;619
14917034;552;708;671;678;562;750
16170973;714;525;581;578;594;498
17424905;598;597;613;658;520;593
18678837;633;644;649;526;490;479
14917035;748;585;507;550;572;716
16170974;582;542;696;639;551;623
17424906;600;695;485;678;689;641
18678838;600;632;617;622;536;680
14917036;562;663;506;691;515;502
16170975;513;688;578;535;500;700
17424907;738;515;678;668;684;553
18678839;522;677;664;715;583;720
14917037;611;655;695;708;529;631
16170976;741;727;688;735;546;740
17424908;516;611;632;717;723;521
18678840;592;655;736;640;728;719
14917038;643;515;668;528;710;659
16170977;748;735;606;680;673;653
17424909;615;525;606;641;570;555
18678841;532;740;594;677;494;491
14917039;721;482;655;574;491;534
16170978;657;724;517;501;719;488
17424910;475;491;507;749;534;577
18678842;525;488;525;631;667;595
14917040;490;693;670;475;559;666
16170979;748;486;610;619;679;531
17424911;609;518;486;518;704;476
18678843;702;685;591;492;519;515
14917041;613;661;717;690;524;594
16170980;713;579;723;589;578;577
17424912;683;631;650;590;658;646
18678844;700;739;549;543;639;723
14917042;554;620;720;685;495;503
16170981;589;663;619;527;694;591
17424913;678;520;658;724;724;596
18678845;686;704;599;584;495;652
14917043;558;503;476;634;599;590
16170982;501;530;675;640;690;519
17424914;631;549;585;732;734;589
18678846;625;519;593;588;559;713
14917044;677;706;631;653;693;562
16170983;683;648;730;565;491;482
17424915;615;545;647;608;749;745
18678847;750;531;671;569;700;713
14917045;656;548;662;608;562;617
16170984;635;547;614;732;632;524
17424916;692;630;562;604;627;485
18678848;628;539;722;499;525;679
14917046;577;505;477;653;502;605
16170985;514;485;675;618;686;647
17424917;641;688;692;528;517;557
18678849;690;561;740;496;476;492
14917047;566;515;745;722;637;734
16170986;634;574;718;726;733;684
17424918;545;641;561;662;701;651
18678850;673;643;484;686;612;534
14917048;545;586;644;666;742;527
17424919;553;615;631;690;640;669
16170987;738;599;541;550;494;707
18678851;704;570;666;629;551;604
14917049;661;560;525;575;476;513
17424920;509;703;630;651;726;730
16170988;483;610;495;477;612;646
18678852;477;610;528;636;531;707
14917050;607;724;478;521;576;522
17424921;486;557;528;700;540;630
16170989;642;730;500;532;496;608
18678853;535;548;636;657;567;661
14917051;626;530;730;712;724;600
17424922;527;656;685;712;557;563
16170990;475;722;547;637;628;593
18678854;551;640;630;562;574;555
14917052;583;739;641;533;551;736
17424923;527;709;489;535;492;561
16170991;587;570;575;497;667;689
18678855;722;706;616;590;654;709
14917053;690;579;679;539;555;572
17424924;548;507;482;586;641;701
16170992;706;514;549;675;726;622
18678856;529;572;677;629;652;503
14917054;604;593;609;663;476;499
17424925;685;579;691;534;628;513
16170993;498;536;745;564;596;478
18678857;571;552;575;563;537;615
14917055;532;646;532;660;618;679
17424926;657;583;552;708;505;478
16170994;485;496;488;708;529;539
18678858;568;708;487;682;661;525
14917056;565;683;695;603;645;639
17424927;649;489;654;670;738;692
16170995;557;545;582;672;696;676
18678859;504;489;518;538;707;576
14917057;500;741;667;604;601;639
17424928;724;704;634;709;484;682
16170996;673;750;693;579;563;490
18678860;555;579;696;656;704;657
14917058;502;727;516;542;721;566
17424929;499;714;484;530;541;726
16170997;604;676;528;738;580;504
18678861;575;616;704;564;730;584
14917059;708;634;701;747;513;613
17424930;569;608;617;492;510;748
16170998;493;592;536;631;657;626
18678862;625;549;615;615;720;654
14917060;668;703;687;745;695;638
17424931;686;513;706;715;731;659
16170999;719;681;624;580;544;682
18678863;684;647;623;590;552;504
14917061;552;478;550;577;684;597
17424932;627;532;621;486;559;603
16171000;543;540;707;629;735;665
18678864;698;690;510;613;640;574
14917062;518;536;720;552;609;711
17424933;529;644;487;514;630;565
16171001;737;741;571;666;519;547
18678865;609;659;563;532;666;618
14917063;749;698;506;629;701;489
17424934;698;508;655;733;653;655
16171002;733;490;645;513;644;596
18678866;626;526;526;494;530;562
14917064;678;559;716;625;619;748
17424935;497;597;544;693;570;491
16171003;594;577;603;546;711;548
18678867;558;479;635;584;555;627
14917065;488;495;537;653;605;609
17424936;648;713;560;686;499;505
16171004;506;689;629;507;549;745
18678868;733;542;593;709;543;716
14917066;572;685;570;595;535;606
17424937;668;596;642;742;644;573
16171005;499;568;544;521;547;510
18678869;586;645;698;549;734;710
14917067;578;615;581;696;514;686
17424938;546;710;579;564;519;688
16171006;492;535;496;632;645;621
18678870;621;706;492;736;553;480
14917068;475;486;577;613;561;727
17424939;563;507;478;623;490;581
16171007;676;535;624;583;638;626
18678871;510;505;665;531;693;700
14917069;530;618;501;611;603;576
17424940;736;502;576;533;747;497
16171008;496;570;637;745;643;556
18678872;580;524;720;669;607;544
14917070;557;528;588;657;542;667
17424941;503;744;744;532;598;555
16171009;657;655;654;729;734;597
18678873;651;742;501;614;651;567
14917071;691;604;743;747;525;731
17424942;568;507;543;588;656;748
16171010;735;691;668;489;599;551
18678874;627;541;716;678;631;715
14917072;744;639;710;717;514;680
17424943;572;657;690;699;629;532
16171011;534;583;539;721;717;480
18678875;695;583;552;705;659;617
14917073;513;615;524;515;709;592
17424944;638;510;553;560;611;504
16171012;562;690;584;642;725;658
18678876;634;600;475;724;589;695
14917074;691;705;535;512;550;526
17424945;594;664;677;534;742;693
16171013;509;606;643;587;749;679
18678877;628;614;581;500;742;544
14917075;601;575;607;585;619;493
17424946;702;744;646;688;701;746
16171014;560;581;701;625;695;639
18678878;505;598;660;699;532;644
14917076;588;487;539;678;602;497
17424947;658;574;587;653;656;510
16171015;655;520;657;746;578;533
18678879;565;739;695;695;747;561
14917077;691;569;493;750;654;669
17424948;621;483;726;491;525;638
16171016;679;516;629;514;534;688
18678880;496;666;677;632;538;660
14917078;663;485;613;539;489;564
17424949;600;516;743;657;510;741
16171017;616;710;591;514;630;642
18678881;554;650;678;642;607;658
14917079;731;556;524;691;711;652
16171018;724;484;526;611;604;679
17424950;714;623;700;659;583;685
18678882;652;665;665;570;481;552
14917080;627;556;688;652;608;565
16171019;525;735;713;520;675;610
17424951;699;646;682;574;693;662
18678883;669;549;521;722;526;476
14917081;515;581;549;519;484;482
16171020;569;574;648;670;611;714
17424952;615;563;655;672;604;475
18678884;607;579;493;683;540;645
14917082;693;708;571;538;683;527
16171021;505;734;537;668;546;597
17424953;558;729;522;493;575;721
18678885;479;697;544;715;575;572
14917083;601;509;481;655;635;670
16171022;728;516;476;555;675;538
17424954;715;584;687;722;541;662
18678886;676;495;484;535;682;582
14917084;626;497;522;532;651;608
16171023;655;632;611;716;641;505
17424955;514;614;708;589;579;552
18678887;539;673;694;577;602;699
14917085;617;498;679;738;740;501
16171024;493;656;688;542;592;668
17424956;511;610;662;705;676;543
18678888;670;615;652;577;497;693
14917086;666;540;554;559;616;732
16171025;497;697;678;740;684;542
17424957;617;747;547;599;739;587
18678889;493;564;495;515;532;483
14917087;520;599;698;504;522;715
16171026;617;528;719;727;709;546
17424958;708;533;655;496;743;642
18678890;650;698;640;633;513;681
14917088;553;709;597;663;534;679
16171027;559;741;558;687;559;710
17424959;640;728;548;554;526;625
18678891;695;686;733;529;724;719
14917089;601;504;673;648;505;604
16171028;695;502;687;553;730;644
17424960;744;486;562;553;666;582
18678892;562;667;720;657;554;516
14917090;732;583;718;590;506;634
16171029;662;503;693;647;686;591
17424961;532;598;546;565;547;512
18678893;685;730;735;522;729;528
14917091;601;748;714;649;671;616
16171030;509;649;660;528;695;556
17424962;665;743;672;734;588;657
18678894;550;625;548;720;748;529
14917092;685;549;715;587;729;729
16171031;615;478;695;512;525;642
17424963;587;603;643;513;723;675
18678895;678;610;502;500;734;736
14917093;597;647;560;532;712;710
16171032;631;634;701;532;530;547
17424964;710;602;719;749;707;686
18678896;699;528;494;695;560;538
14917094;698;654;577;520;503;547
16171033;727;670;734;529;530;597
17424965;577;708;744;657;564;540
18678897;575;605;717;595;501;720
14917095;532;665;669;562;681;490
16171034;681;609;693;719;733;561
17424966;683;735;624;516;678;527
18678898;700;522;488;629;658;493
14917096;535;639;717;737;638;615
16171035;665;682;657;512;642;718
17424967;572;686;719;553;658;631
18678899;571;731;517;560;521;516
14917097;714;481;501;568;621;516
16171036;732;577;547;731;592;612
17424968;724;589;477;484;602;669
18678900;611;540;642;543;745;658
14917098;488;697;657;546;509;665
16171037;702;510;513;646;711;509
17424969;502;490;520;667;517;709
18678901;544;528;744;574;685;672
14917099;710;517;565;705;565;501
16171038;581;572;556;638;746;616
17424970;683;605;668;556;493;715
18678902;663;715;630;526;607;599
14917100;589;571;730;560;507;603
16171039;748;518;716;697;546;510
17424971;715;682;665;558;505;687
18678903;596;563;605;533;494;509
14917101;613;741;489;571;717;509
16171040;688;684;735;612;594;476
17424972;705;551;723;524;701;722
18678904;706;517;641;574;675;558
14917102;537;520;537;626;523;567
16171041;693;531;729;703;730;637
17424973;679;607;482;526;480;519
18678905;548;712;489;543;539;682
14917103;585;518;507;613;515;583
16171042;735;574;501;674;699;495
17424974;665;571;584;522;613;576
18678906;611;567;494;644;589;664
14917104;617;533;537;501;602;519
16171043;516;504;551;563;570;485
17424975;621;735;506;510;493;570
18678907;549;724;603;537;581;672
14917105;742;496;629;733;710;663
16171044;561;584;601;742;645;597
17424976;736;717;543;662;500;618
18678908;596;512;584;611;613;487
14917106;545;667;599;743;703;603
16171045;677;481;585;672;527;572
17424977;689;710;539;662;600;495
18678909;623;725;746;675;577;523
14917107;598;647;582;570;496;714
16171046;619;552;607;646;556;608
17424978;530;748;744;732;505;632
18678910;598;574;609;639;689;632
14917108;545;730;666;587;562;686
16171047;603;691;536;542;711;601
17424979;553;667;568;651;579;669
18678911;724;596;530;488;562;639
14917109;559;646;609;743;576;702
16171048;481;733;745;651;518;629
17424980;570;534;616;514;734;515
18678912;668;517;745;686;727;720
14917110;569;548;632;596;584;638
17424981;576;661;541;615;673;599
16171049;707;532;579;505;492;634
18678913;492;647;697;599;584;515
14917111;498;627;654;624;589;640
17424982;484;489;672;671;609;486
16171050;631;518;516;598;710;518
18678914;617;683;512;564;723;488
14917112;603;744;710;647;586;653
17424983;632;717;493;495;745;636
16171051;690;526;740;588;668;664
18678915;587;579;701;569;622;589
14917113;636;542;583;689;645;593
17424984;708;526;527;583;615;701
16171052;598;638;525;505;641;542
18678916;532;665;629;502;559;652
14917114;523;656;504;730;508;717
17424985;670;711;679;487;549;610
16171053;609;491;497;653;675;487
18678917;534;548;568;540;746;562
14917115;576;567;530;582;676;644
17424986;583;683;612;538;730;636
16171054;639;576;487;731;548;740
18678918;514;495;711;647;711;513
14917116;683;561;559;583;480;650
17424987;633;502;542;618;591;581
16171055;518;689;737;483;703;664
18678919;679;618;648;561;611;640
14917117;689;685;624;587;603;483
17424988;493;618;629;739;709;720
16171056;518;718;531;532;577;616
18678920;557;492;730;730;497;520
14917118;487;689;489;613;578;655
17424989;722;577;608;502;533;524
16171057;595;659;508;694;646;525
18678921;599;594;509;718;492;719
14917119;500;653;718;706;541;579
17424990;709;645;570;641;525;635
16171058;639;667;628;531;739;628
18678922;505;647;533;604;493;497
14917120;695;560;476;614;598;496
17424991;493;641;572;678;661;723
16171059;499;551;547;738;674;728
18678923;567;662;648;658;557;555
14917121;705;534;587;597;493;567
17424992;682;605;583;538;573;680
16171060;685;546;709;737;526;583
18678924;730;519;596;736;503;742
14917122;543;609;659;550;526;735
17424993;733;523;502;575;641;731
16171061;557;553;546;551;609;483
18678925;740;666;706;713;663;655
14917123;623;559;579;716;708;492
17424994;639;712;586;725;557;727
16171062;617;726;554;600;686;499
18678926;563;497;559;585;723;629
14917124;531;599;498;539;620;532
17424995;749;492;568;749;505;596
16171063;536;622;732;545;476;561
18678927;698;500;684;657;580;534
14917125;522;478;618;621;544;492
17424996;682;635;669;660;590;639
16171064;721;502;552;605;633;538
18678928;728;656;611;505;735;644
14917126;690;724;574;535;654;608
17424997;608;607;662;638;693;685
16171065;542;744;716;552;582;605
18678929;507;520;577;520;622;744
14917127;592;608;565;554;718;684
17424998;618;592;693;509;715;568
16171066;730;721;489;723;741;638
18678930;512;486;499;577;488;584
14917128;580;617;539;647;708;655
17424999;480;475;620;585;569;719
16171067;630;533;649;627;615;502
18678931;601;593;748;638;580;609
14917129;496;481;617;483;511;697
17425000;495;524;587;589;604;524
16171068;685;559;483;532;583;598
18678932;603;626;507;727;645;530
14917130;559;689;593;587;518;571
17425001;712;551;481;624;697;558
16171069;540;735;618;659;629;522
18678933;581;630;543;613;744;545
14917131;728;573;745;685;596;489
17425002;501;546;582;548;601;680
16171070;621;581;607;749;646;587
18678934;669;494;681;491;703;573
14917132;615;512;515;594;736;571
17425003;492;658;494;680;553;609
16171071;733;703;521;496;603;628
18678935;637;594;480;504;614;705
14917133;661;587;736;549;475;509
17425004;741;538;501;629;742;659
16171072;737;600;546;484;585;703
18678936;612;676;572;482;736;602
14917134;488;501;493;523;559;643
17425005;625;648;699;662;550;616
16171073;488;734;521;547;548;620
18678937;573;589;579;736;570;516
14917135;537;672;651;594;631;493
17425006;691;513;665;621;694;694
16171074;545;742;557;651;586;722
18678938;659;673;588;560;568;604
14917136;650;593;590;715;656;530
17425007;731;618;718;581;498;719
16171075;605;576;670;482;526;705
18678939;603;559;519;552;657;541
14917137;715;503;514;554;507;588
17425008;727;562;602;483;676;522
16171076;512;611;632;715;735;478
18678940;666;573;646;497;591;743
14917138;699;669;738;674;617;644
17425009;571;609;477;498;712;717
16171077;697;485;528;699;519;482
18678941;610;616;631;521;701;687
14917139;554;562;529;561;691;619
17425010;580;663;743;706;586;704
16171078;564;581;486;750;750;663
18678942;533;559;622;570;631;590
14917140;611;652;535;532;655;529
17425011;662;646;488;563;720;510
16171079;682;526;536;611;576;531
18678943;573;542;588;717;524;697
14917141;629;722;559;631;744;610
17425012;548;729;736;624;722;583
16171080;568;488;693;704;641;523
18678944;704;482;491;506;589;701
14917142;724;695;637;581;728;730
17425013;731;665;657;676;632;485
16171081;656;735;680;501;734;732
18678945;548;689;657;737;498;624
14917143;616;743;615;671;566;609
17425014;709;678;613;624;480;714
16171082;735;542;653;646;536;709
18678946;488;608;695;646;630;669
14917144;745;733;679;639;707;653
17425015;711;493;504;540;696;589
16171083;563;615;671;656;726;699
18678947;734;571;700;629;668;655
14917145;596;630;538;664;677;591
17425016;675;561;581;617;497;705
16171084;746;520;608;509;713;622
18678948;550;717;611;555;584;613
14917146;524;579;620;715;701;618
17425017;653;582;746;524;715;705
16171085;593;702;629;715;494;612
18678949;703;569;558;714;726;525
14917147;511;638;572;742;723;582
17425018;587;518;505;485;750;671
16171086;575;499;629;595;494;614
18678950;618;482;481;655;571;615
14917148;498;703;660;554;622;492
17425019;610;689;573;595;574;593
16171087;489;631;496;602;523;613
18678951;714;503;549;500;728;525
14917149;516;732;590;550;619;492
17425020;524;664;495;498;573;611
16171088;742;477;656;475;639;722
18678952;514;484;583;660;537;628
14917150;661;549;614;552;506;622
17425021;586;735;496;728;733;579
16171089;639;546;688;506;687;671
18678953;738;686;511;486;732;746
14917151;513;689;699;556;580;550
17425022;573;580;623;629;694;620
16171090;582;630;630;541;687;482
18678954;726;580;623;699;602;695
14917152;655;716;664;580;515;570
17425023;541;640;504;629;493;676
16171091;553;541;479;630;706;491
18678955;624;558;715;487;530;565
14917153;619;525;737;595;707;527
17425024;546;720;736;475;726;534
16171092;716;646;628;575;695;485
18678956;696;546;538;521;623;532
14917154;514;704;591;704;548;561
17425025;634;566;603;544;587;517
16171093;492;652;613;475;503;488
18678957;531;615;605;616;740;683
14917155;562;707;658;676;571;579
17425026;628;719;663;717;547;716
16171094;667;661;488;652;749;623
18678958;565;661;590;489;715;576
14917156;642;496;573;615;659;709
17425027;566;651;512;564;714;634
16171095;540;520;509;627;711;516
18678959;645;561;658;522;567;690
14917157;548;646;563;722;635;631
17425028;737;703;493;689;488;588
16171096;494;486;624;548;569;730
18678960;563;702;592;614;514;709
14917158;625;682;612;546;660;691
17425029;577;513;555;487;507;556
16171097;735;678;531;718;640;536
18678961;609;748;479;601;700;709
14917159;734;676;507;642;490;650
17425030;600;607;538;506;664;690
16171098;700;713;725;539;595;605
18678962;499;707;712;722;501;705
14917160;506;615;637;531;680;534
17425031;530;733;508;636;504;707
16171099;681;581;565;518;680;706
18678963;653;539;552;565;611;628
14917161;591;623;745;535;661;527
17425032;528;494;574;642;510;596
16171100;718;678;614;748;587;558
18678964;495;534;704;611;476;486
14917162;733;648;652;562;685;559
17425033;566;672;488;479;710;509
16171101;563;586;642;595;526;492
18678965;553;670;569;620;703;714
14917163;695;694;515;708;645;514
17425034;662;560;648;586;636;700
16171102;718;512;560;729;703;530
18678966;663;718;508;684;679;666
14917164;601;729;617;552;546;699
17425035;513;565;494;744;534;565
16171103;527;616;575;720;637;729
18678967;542;676;519;558;496;479
14917165;729;491;708;543;517;689
17425036;741;482;677;498;553;486
16171104;634;548;741;670;565;658
18678968;673;526;621;616;620;509
14917166;694;551;706;487;490;649
17425037;606;579;743;633;711;542
16171105;609;684;732;585;578;589
18678969;486;748;580;485;575;683
14917167;697;586;508;638;738;749
17425038;543;628;593;635;581;580
16171106;570;702;498;710;557;747
18678970;739;718;706;671;521;721
14917168;629;721;674;687;689;573
17425039;729;510;496;615;577;615
16171107;675;674;500;689;535;515
18678971;525;546;532;579;512;692
14917169;496;531;681;706;553;628
17425040;584;680;735;662;560;587
16171108;648;611;615;557;586;533
18678972;653;698;585;628;734;630
14917170;688;539;672;659;601;642
17425041;734;592;483;699;650;716
16171109;510;493;679;696;553;514
18678973;654;551;723;605;609;662
14917171;727;655;740;696;580;722
17425042;548;693;626;566;687;713
16171110;640;666;525;500;625;744
18678974;622;523;726;717;536;697
14917172;527;608;522;562;612;680
17425043;507;527;726;593;688;625
18678975;649;724;636;486;662;689
14917173;731;676;645;742;635;698
16171111;605;514;488;715;611;745
17425044;732;539;517;592;504;581
18678976;738;527;674;627;606;711
14917174;541;476;708;617;537;745
16171112;673;727;614;619;577;548
17425045;704;665;510;572;613;568
18678977;606;730;743;717;485;572
14917175;579;558;609;730;525;524
16171113;532;736;659;707;735;528
17425046;526;653;500;695;618;520
18678978;739;483;531;560;719;585
14917176;575;491;724;665;732;582
16171114;478;490;646;502;640;605
17425047;718;615;734;725;553;623
18678979;612;481;478;622;490;495
14917177;589;721;713;507;499;538
16171115;715;491;569;673;642;608
17425048;672;629;625;593;600;674
18678980;648;569;503;676;675;613
14917178;657;569;640;723;682;655
16171116;579;619;685;662;709;672
17425049;506;673;479;479;735;582
18678981;619;521;617;650;641;627
14917179;720;730;660;595;623;491
16171117;575;613;568;723;607;561
17425050;586;517;483;674;599;616
18678982;652;589;565;542;524;522
16171118;540;602;745;609;559;499
17425051;479;532;533;638;596;653
18678983;728;707;630;701;641;486
16171119;530;524;552;602;703;510
17425052;614;552;501;518;485;631
18678984;603;609;581;656;477;528
14917180;551;518;566;658;632;657
16171120;610;557;559;693;724;688
17425053;647;575;496;684;558;661
18678985;524;489;729;743;586;693
14917181;607;494;579;659;550;657
16171121;650;500;717;567;599;507
17425054;707;479;527;484;631;497
18678986;672;525;718;511;647;513
14917182;687;584;611;748;620;569
16171122;711;745;499;529;712;701
17425055;610;646;586;689;616;743
18678987;587;740;537;651;521;723
14917183;518;488;654;480;674;536
16171123;588;611;484;670;729;706
17425056;475;486;660;579;502;674
18678988;528;598;703;598;636;724
14917184;549;612;726;576;536;706
16171124;574;631;710;539;735;627
17425057;690;605;546;660;517;557
18678989;520;747;635;492;517;549
14917185;558;637;548;514;580;508
16171125;663;624;585;649;715;704
17425058;675;604;736;704;717;535
18678990;661;505;499;650;662;717
14917186;683;631;724;567;696;535
16171126;747;555;570;498;514;513
17425059;655;516;709;575;659;584
18678991;551;624;672;696;695;710
14917187;727;654;700;682;699;492
16171127;478;713;521;626;727;572
17425060;709;475;678;695;484;484
18678992;519;746;691;606;543;717
14917188;605;549;596;733;540;568
16171128;648;619;712;684;488;528
17425061;567;573;488;570;529;726
18678993;558;684;614;613;599;485
14917189;672;611;595;580;737;527
16171129;609;522;748;500;580;631
17425062;698;539;614;739;584;689
18678994;705;632;546;508;682;519
14917190;636;475;715;746;575;514
16171130;746;654;557;650;518;600
17425063;667;706;657;739;513;609
18678995;502;523;492;749;668;721
14917191;479;571;609;585;628;553
16171131;733;737;689;518;660;663
17425064;569;636;486;691;623;532
18678996;509;487;630;668;596;742
14917192;548;645;529;592;618;743
16171132;621;637;540;741;628;676
17425065;627;608;747;619;529;511
18678997;568;517;618;637;489;717
14917193;729;623;545;476;633;707
16171133;537;749;634;558;523;606
17425066;575;507;519;582;655;726
18678998;489;680;740;643;695;738
14917194;560;705;573;681;715;724
16171134;564;642;519;560;695;540
17425067;626;732;482;671;481;642
18678999;581;674;496;480;712;728
14917195;661;702;614;623;612;483
16171135;688;741;598;722;595;690
17425068;620;598;599;529;482;605
18679000;680;660;630;530;680;686
14917196;543;637;595;565;566;643
16171136;544;476;483;601;502;561
17425069;737;671;568;697;738;728
18679001;541;629;664;632;744;652
14917197;548;551;682;608;558;654
16171137;743;600;509;701;555;545
17425070;532;714;566;547;600;517
18679002;568;533;482;515;665;729
14917198;586;619;623;672;671;532
16171138;509;599;744;602;480;502
17425071;571;676;603;541;744;489
18679003;509;620;693;575;606;524
14917199;685;726;715;596;647;590
16171139;584;476;576;477;696;486
17425072;613;541;614;584;729;731
18679004;548;554;720;665;741;603
14917200;495;711;712;545;540;674
16171140;645;726;512;721;535;596
17425073;687;669;673;513;513;709
18679005;568;679;571;527;725;747
14917201;688;586;515;609;750;512
16171141;745;478;626;746;515;648
17425074;600;576;611;711;731;585
18679006;696;637;480;482;724;521
14917202;605;483;618;489;717;510
16171142;701;595;748;577;564;480
17425075;646;519;715;556;654;497
18679007;651;594;676;697;679;553
14917203;689;625;724;516;498;740
16171143;496;641;475;616;478;505
17425076;731;659;536;487;740;533
18679008;626;545;682;579;612;569
14917204;537;661;608;616;685;669
16171144;611;642;637;585;573;630
17425077;505;527;512;642;591;590
18679009;707;716;515;674;509;725
14917205;477;721;688;696;534;631
16171145;615;558;698;600;540;740
17425078;490;552;522;525;495;526
18679010;538;639;645;607;718;646
14917206;565;560;632;652;730;657
16171146;702;690;672;493;481;718
17425079;528;510;479;551;690;649
18679011;538;569;533;532;611;718
14917207;484;541;480;518;719;667
16171147;591;717;719;555;667;487
17425080;644;544;591;553;716;591
18679012;640;660;522;644;617;597
14917208;481;657;749;675;696;571
16171148;653;745;719;566;669;667
17425081;637;603;599;634;746;640
18679013;701;575;625;699;640;727
14917209;747;595;738;513;692;692
16171149;607;651;594;693;654;488
17425082;614;571;496;748;636;633
18679014;609;515;674;747;630;535
14917210;589;709;642;485;696;750
16171150;692;488;676;656;721;639
17425083;567;537;702;686;611;624
18679015;641;555;519;484;644;563
14917211;583;484;478;559;568;546
16171151;478;632;672;600;496;511
17425084;598;549;506;557;610;606
18679016;593;524;746;668;653;616
14917212;649;492;645;679;608;708
16171152;557;692;604;546;619;496
17425085;505;698;518;693;704;549
18679017;625;668;477;737;694;716
14917213;742;637;702;676;592;692
16171153;575;696;666;562;639;503
17425086;568;561;612;503;593;640
18679018;543;642;718;542;644;653
14917214;744;572;494;633;609;525
16171154;480;599;608;729;541;742
17425087;664;610;730;561;477;672
18679019;582;651;525;530;496;682
14917215;652;536;725;640;511;682
16171155;578;481;659;638;544;699
17425088;606;511;744;690;736;632
18679020;723;607;534;594;687;723
14917216;498;738;586;553;617;572
16171156;534;668;705;557;478;596
17425089;667;582;626;523;718;709
18679021;747;501;611;668;485;632
14917217;611;491;495;658;577;634
16171157;483;605;681;686;612;482
17425090;695;674;682;490;582;497
18679022;716;695;540;706;714;537
14917218;631;517;666;714;701;584
16171158;586;484;514;680;741;496
17425091;555;624;609;695;685;731
18679023;620;479;712;750;732;562
14917219;563;582;543;606;489;688
16171159;509;667;543;571;481;658
17425092;682;640;488;698;575;477
18679024;564;506;573;677;545;549
14917220;544;719;549;610;598;735
16171160;625;524;750;528;551;733
17425093;558;743;486;673;650;685
18679025;695;531;717;641;627;523
14917221;613;507;509;734;741;583
16171161;560;482;653;627;628;719
17425094;697;651;549;581;533;675
18679026;650;656;558;633;615;570
14917222;561;624;737;612;638;671
16171162;555;478;504;721;748;500
17425095;521;636;519;534;553;518
18679027;703;679;738;506;622;692
14917223;674;490;624;735;609;740
16171163;716;686;504;498;507;627
17425096;747;486;482;734;726;557
18679028;647;631;544;565;583;616
14917224;624;633;706;725;590;516
16171164;484;649;695;601;663;748
17425097;491;581;747;480;744;547
18679029;488;542;622;656;565;747
14917225;599;739;657;561;676;517
16171165;573;520;628;549;582;545
17425098;730;713;543;543;660;524
18679030;501;577;670;591;614;731
14917226;598;528;549;721;566;726
16171166;499;694;635;627;724;570
17425099;528;623;714;482;598;708
18679031;561;619;510;604;708;654
14917227;568;507;647;653;525;533
16171167;522;746;734;690;502;598
17425100;632;705;610;529;626;621
18679032;638;563;503;586;494;579
14917228;540;683;487;738;601;668
16171168;479;560;675;748;629;510
17425101;597;722;731;485;705;488
18679033;710;728;512;544;618;558
14917229;658;659;729;670;706;624
16171169;545;647;724;612;511;699
17425102;554;537;723;678;587;568
18679034;729;645;664;522;527;587
14917230;602;707;527;748;742;730
16171170;718;634;716;583;726;534
17425103;745;709;649;547;599;508
18679035;623;485;726;495;717;671
14917231;533;730;700;676;687;521
16171171;708;623;509;517;600;600
17425104;715;547;722;717;735;476
18679036;537;508;522;492;500;568
14917232;501;517;592;517;476;662
16171172;496;595;496;578;633;531
17425105;499;637;559;477;531;535
18679037;742;606;615;527;659;646
14917233;721;717;593;744;607;504
16171173;665;679;672;682;730;744
17425106;576;656;622;537;733;573
18679038;502;534;580;732;482;493
14917234;656;559;660;530;652;719
16171174;532;628;505;641;655;692
17425107;514;504;523;488;685;675
18679039;585;493;583;691;730;698
14917235;711;573;606;596;490;717
16171175;665;562;543;540;722;616
17425108;630;641;578;592;497;748
18679040;515;493;616;582;718;629
14917236;667;745;687;569;579;539
16171176;679;541;520;682;656;529
17425109;702;526;564;729;678;549
18679041;492;560;591;517;490;505
14917237;580;691;649;590;749;506
16171177;713;711;593;626;750;568
17425110;482;687;610;704;698;649
18679042;661;567;652;547;509;510
14917238;527;746;622;527;535;507
16171178;514;722;580;697;529;682
17425111;732;693;685;490;730;533
18679043;747;576;598;516;541;563
14917239;583;514;722;532;505;670
16171179;501;485;524;737;734;580
17425112;670;747;606;688;683;723
18679044;683;601;515;534;529;732
14917240;662;693;727;544;743;577
16171180;737;634;506;677;571;685
17425113;520;498;554;732;677;487
18679045;691;734;615;689;580;581
14917241;736;624;738;551;730;504
16171181;715;663;703;577;514;684
17425114;584;520;624;541;698;554
18679046;714;624;731;684;697;664
14917242;678;614;621;599;539;735
16171182;677;729;621;639;610;728
17425115;487;746;568;563;624;538
18679047;481;522;712;513;702;477
14917243;595;645;637;628;495;677
16171183;516;601;588;661;641;738
17425116;664;689;505;538;624;510
18679048;589;550;586;533;619;477
14917244;538;671;747;701;555;728
16171184;514;539;730;601;648;701
17425117;589;577;597;524;703;686
18679049;548;561;687;514;707;688
14917245;522;691;651;648;686;701
16171185;482;525;520;575;640;521
17425118;483;678;532;735;491;557
18679050;597;734;711;551;672;530
14917246;490;610;579;613;623;545
16171186;734;683;554;601;642;628
17425119;588;505;507;479;660;695
18679051;607;655;672;616;481;697
14917247;546;507;584;747;651;691
16171187;519;631;499;702;532;714
17425120;589;602;505;683;508;674
18679052;727;701;676;646;605;569
14917248;594;504;620;687;681;697
16171188;606;738;576;670;656;486
17425121;615;490;723;725;715;558
18679053;682;477;695;748;737;528
14917249;682;706;680;484;676;558
16171189;700;518;664;652;517;617
17425122;475;513;589;665;743;495
18679054;681;711;559;659;481;575
14917250;479;578;712;740;695;595
16171190;476;565;722;677;545;529
17425123;589;634;705;685;600;525
18679055;703;526;510;742;566;726
14917251;629;543;535;613;586;586
16171191;595;520;602;560;563;678
17425124;716;621;661;748;579;502
18679056;655;530;551;715;501;736
14917252;701;499;615;486;494;512
16171192;554;683;694;499;627;550
17425125;569;607;655;659;494;680
18679057;707;701;568;524;644;729
14917253;482;539;708;511;622;748
16171193;601;750;726;525;530;580
17425126;588;683;627;503;715;592
18679058;530;657;484;489;556;590
14917254;565;492;725;715;541;539
16171194;577;729;512;730;533;598
17425127;481;676;529;545;549;622
18679059;714;476;561;684;717;577
14917255;541;598;611;496;721;500
16171195;664;642;523;566;600;621
17425128;631;626;547;572;731;549
18679060;672;512;506;610;683;749
14917256;582;540;675;562;723;610
16171196;710;513;522;635;745;673
17425129;677;689;507;640;624;497
18679061;636;677;724;555;475;623
14917257;619;496;478;485;566;671
16171197;620;574;579;714;539;699
17425130;512;559;670;548;557;627
18679062;596;680;668;646;517;530
14917258;534;582;483;638;661;686
16171198;734;608;603;703;579;534
17425131;566;550;488;552;688;690
18679063;673;634;625;477;713;605
14917259;542;701;508;496;745;660
16171199;668;654;526;638;490;517
17425132;580;710;691;668;575;689
18679064;485;740;707;610;544;555
14917260;572;682;742;487;594;622
16171200;591;683;707;595;624;676
17425133;484;673;549;689;592;550
18679065;680;709;731;655;732;740
14917261;692;627;570;682;556;568
16171201;497;639;563;710;552;601
17425134;667;556;588;746;620;698
18679066;679;602;657;584;640;624
14917262;732;620;512;571;656;503
16171202;508;560;650;537;548;568
17425135;553;632;746;744;597;631
18679067;505;615;545;603;543;654
14917263;630;573;673;569;675;740
16171203;519;503;687;649;557;514
17425136;613;680;527;646;723;616
18679068;593;615;517;516;605;501
14917264;684;726;708;590;513;605
16171204;611;671;595;551;724;540
18679069;704;552;495;502;637;670
17425137;735;492;699;522;503;623
14917265;699;745;558;536;496;676
16171205;477;739;483;610;582;502
18679070;493;523;612;515;741;533
17425138;587;542;498;695;717;681
14917266;499;739;749;678;675;536
16171206;736;642;570;653;641;607
18679071;675;640;554;535;606;651
17425139;562;513;493;507;492;595
14917267;691;618;715;496;650;663
16171207;534;619;627;571;691;728
18679072;679;653;660;749;562;610
17425140;626;742;629;590;658;588
14917268;553;719;748;483;534;739
16171208;732;652;720;483;502;603
18679073;524;513;562;616;644;630
17425141;745;681;640;688;612;745
14917269;592;622;507;605;574;573
16171209;709;529;724;732;494;692
18679074;559;517;528;672;685;549
17425142;690;557;485;579;550;614
14917270;666;685;681;491;502;574
16171210;562;607;495;539;503;745
18679075;565;553;686;576;486;599
17425143;597;592;553;735;520;602
14917271;593;476;566;685;646;502
16171211;749;644;486;692;607;727
18679076;717;483;645;625;604;702
17425144;748;699;565;545;547;606
14917272;616;504;626;682;612;516
16171212;648;597;735;538;639;523
18679077;676;611;661;596;631;627
17425145;717;650;614;539;589;560
14917273;616;683;500;533;649;514
16171213;641;714;644;504;649;486
18679078;516;641;540;638;569;626
17425146;561;599;736;702;721;539
14917274;566;544;590;488;586;640
16171214;662;742;650;561;505;520
18679079;526;660;712;683;493;713
17425147;593;661;521;584;495;504
14917275;593;480;542;689;531;655
16171215;573;691;661;727;576;613
18679080;475;652;599;670;483;636
17425148;489;543;731;721;506;725
14917276;648;583;658;726;499;659
16171216;744;552;493;676;644;645
18679081;645;690;542;622;497;496
17425149;489;608;673;651;727;725
14917277;562;546;705;482;553;487
16171217;707;626;636;637;521;737
18679082;509;734;531;486;627;723
17425150;620;618;668;712;589;596
14917278;661;699;578;675;548;571
16171218;607;482;583;521;535;708
18679083;702;591;671;740;635;504
17425151;583;533;572;567;648;549
14917279;509;609;558;504;595;487
16171219;671;600;661;530;597;549
18679084;717;636;556;557;522;537
17425152;575;650;579;649;644;686
14917280;610;627;552;569;615;641
16171220;691;678;548;748;575;669
18679085;510;555;553;601;634;657
17425153;551;704;703;672;708;509
14917281;594;725;720;748;680;705
16171221;635;488;589;718;588;592
18679086;598;653;698;579;734;520
17425154;485;566;632;682;698;534
14917282;634;636;623;635;690;648
16171222;538;687;687;672;580;557
18679087;589;709;664;500;728;632
16171223;475;562;653;518;645;588
17425155;496;692;569;545;482;701
18679088;671;524;624;519;577;577
16171224;662;678;554;509;730;744
17425156;706;659;567;558;511;558
14917283;582;518;655;514;551;477
18679089;706;663;611;540;490;507
16171225;635;650;730;613;740;503
17425157;625;733;532;550;733;485
14917284;489;566;621;569;537;701
18679090;669;517;574;561;558;592
16171226;566;622;713;704;699;635
17425158;540;608;670;558;626;745
14917285;530;734;666;617;476;532
18679091;688;615;527;571;646;659
16171227;559;479;524;689;477;663
17425159;654;707;624;606;565;477
14917286;677;522;669;581;569;632
18679092;674;645;603;500;519;531
16171228;541;552;529;492;558;559
17425160;653;530;638;593;712;499
14917287;720;652;600;554;701;595
18679093;632;661;543;622;509;498
16171229;616;653;748;592;625;642
17425161;616;719;485;581;705;613
14917288;613;608;700;710;544;569
18679094;553;663;665;736;532;586
16171230;652;517;502;478;690;525
17425162;491;497;742;689;591;573
14917289;694;511;740;487;563;701
18679095;596;600;496;543;489;587
16171231;482;635;514;738;747;727
17425163;601;508;616;561;692;633
14917290;538;747;672;561;647;626
18679096;653;719;556;622;611;656
16171232;659;533;497;657;560;561
17425164;655;578;533;481;585;512
14917291;557;545;503;560;555;613
18679097;723;549;661;664;506;740
16171233;516;478;664;747;577;506
17425165;570;529;699;638;643;619
14917292;498;588;606;650;652;489
18679098;523;499;588;648;512;547
16171234;559;716;748;610;589;605
17425166;645;497;561;573;706;662
14917293;498;632;629;491;715;527
18679099;668;696;749;652;665;743
16171235;625;714;667;595;513;601
17425167;618;623;527;690;704;667
14917294;690;562;672;716;513;511
18679100;630;555;721;665;499;645
16171236;517;484;676;649;503;598
17425168;639;681;565;671;559;704
14917295;745;664;484;556;658;484
18679101;679;588;621;558;476;493
16171237;711;721;629;659;745;526
17425169;556;716;614;734;744;537
14917296;530;594;721;517;557;590
18679102;511;637;583;688;683;502
16171238;626;488;502;475;527;582
17425170;634;536;491;548;634;651
14917297;687;693;584;695;534;605
18679103;713;591;729;740;612;680
16171239;637;674;666;605;576;523
17425171;623;706;659;750;567;485
14917298;620;678;659;484;479;641
18679104;685;481;482;735;682;660
16171240;598;688;603;603;494;592
17425172;667;619;527;685;558;679
14917299;603;520;626;489;582;653
18679105;627;670;597;749;660;530
16171241;631;565;535;679;581;742
17425173;705;484;588;695;475;592
14917300;596;654;668;496;703;712
18679106;599;580;693;695;478;602
16171242;672;730;529;736;532;654
17425174;708;710;639;595;666;586
14917301;557;730;691;513;721;609
18679107;614;531;662;699;702;629
16171243;627;586;530;710;509;649
17425175;605;579;691;706;529;567
14917302;611;540;673;616;656;514
18679108;504;719;664;547;636;708
16171244;669;621;486;512;630;686
17425176;480;575;595;520;509;693
14917303;580;587;496;681;494;627
18679109;644;741;624;630;710;548
16171245;614;512;541;513;479;498
17425177;735;603;737;518;502;515
14917304;615;676;688;561;694;549
18679110;588;543;542;502;588;723
16171246;651;584;519;600;514;555
17425178;634;734;742;650;661;577
14917305;558;538;590;579;511;643
18679111;488;721;654;519;568;663
16171247;494;746;668;600;730;591
17425179;591;709;718;613;651;674
14917306;619;677;632;567;728;509
18679112;683;637;664;696;736;569
16171248;712;625;698;573;720;610
17425180;572;632;553;610;720;555
14917307;498;584;612;488;666;531
18679113;566;551;522;532;686;599
16171249;604;689;496;497;570;526
17425181;484;682;580;692;610;610
14917308;630;700;589;700;640;691
18679114;554;541;541;578;686;499
16171250;621;728;648;693;723;494
17425182;560;597;724;674;721;523
14917309;702;666;646;713;662;517
18679115;522;565;730;734;719;727
16171251;597;521;501;582;693;528
17425183;558;678;714;726;671;722
14917310;529;497;521;708;588;715
18679116;478;661;651;634;726;583
16171252;654;638;577;730;628;700
17425184;748;746;667;631;743;610
14917311;529;569;741;564;670;593
18679117;590;512;650;614;538;528
16171253;560;485;616;640;590;550
17425185;614;728;483;502;578;598
14917312;598;525;731;623;602;636
18679118;729;691;582;476;527;482
16171254;660;565;515;598;660;729
17425186;638;549;617;590;598;626
14917313;704;478;553;521;707;613
18679119;566;536;663;626;746;507
16171255;611;527;709;669;569;481
17425187;604;624;598;505;708;733
14917314;698;683;488;507;737;682
18679120;661;543;506;655;490;525
16171256;514;583;485;502;587;670
17425188;518;631;548;606;716;695
14917315;750;579;520;516;520;555
18679121;515;610;748;676;515;507
16171257;722;574;683;699;673;483
17425189;690;508;662;651;728;738
14917316;712;690;568;582;553;630
18679122;482;616;505;742;526;640
16171258;724;658;539;659;718;746
17425190;691;508;492;520;649;493
14917317;598;575;604;694;606;550
18679123;477;637;645;643;638;518
16171259;722;578;629;586;530;650
17425191;634;530;671;568;565;566
14917318;612;565;744;584;735;643
18679124;528;493;583;592;724;595
16171260;739;597;603;692;480;721
17425192;540;728;605;598;685;486
14917319;522;601;721;604;537;728
18679125;597;723;559;522;686;597
16171261;695;640;624;695;505;630
17425193;633;483;530;525;685;725
14917320;583;557;501;672;633;707
18679126;699;675;560;700;533;479
16171262;723;662;614;513;558;481
17425194;569;541;509;565;625;603
14917321;572;633;573;729;702;618
18679127;673;551;543;495;547;552
16171263;608;694;667;539;632;477
17425195;525;543;695;718;701;731
14917322;701;730;536;512;629;741
18679128;597;621;691;630;574;717
16171264;621;624;662;498;657;735
17425196;641;667;524;701;602;736
14917323;538;680;674;523;702;502
18679129;602;594;707;736;720;608
16171265;515;569;590;559;570;743
17425197;504;710;700;604;730;475
14917324;506;695;637;492;562;586
18679130;566;664;621;541;711;588
16171266;554;528;534;513;588;595
17425198;591;586;658;681;513;584
14917325;515;477;507;574;591;489
18679131;742;748;669;499;585;623
16171267;675;689;514;496;704;475
17425199;646;537;714;660;733;660
14917326;629;722;525;745;637;726
18679132;713;708;689;715;644;532
16171268;652;517;649;475;694;574
17425200;569;565;496;703;642;603
14917327;608;661;729;543;531;531
18679133;727;624;508;488;521;608
16171269;500;587;500;681;498;485
17425201;525;705;749;657;505;522
14917328;623;586;553;609;654;534
18679134;736;541;562;532;650;644
16171270;563;518;657;493;544;498
17425202;729;617;653;587;706;506
14917329;575;663;591;572;623;621
18679135;607;665;727;493;657;497
16171271;652;694;553;619;673;504
17425203;667;715;646;524;643;737
14917330;570;673;545;477;711;650
18679136;585;672;515;498;505;528
16171272;486;729;524;578;627;609
17425204;551;743;677;514;703;545
14917331;615;495;564;540;500;707
18679137;684;485;479;724;748;721
16171273;483;682;666;530;597;709
17425205;648;480;557;478;658;720
14917332;561;740;641;600;748;592
18679138;602;739;645;484;545;513
16171274;476;544;717;480;481;486
17425206;642;484;683;620;689;478
14917333;519;550;664;720;677;588
18679139;503;674;735;744;674;702
16171275;728;475;638;628;566;506
17425207;543;540;584;512;664;672
14917334;544;613;623;633;644;607
18679140;662;586;713;647;597;698
16171276;500;632;687;588;573;668
17425208;677;476;625;654;605;576
14917335;743;569;559;558;730;696
18679141;747;635;646;482;724;635
16171277;586;729;680;610;650;705
17425209;747;605;536;649;730;521
14917336;533;684;534;684;548;657
18679142;559;495;658;744;749;549
16171278;539;627;671;567;520;508
17425210;695;654;692;668;743;610
14917337;720;565;545;724;572;682
18679143;566;612;607;614;625;554
16171279;523;643;618;557;573;716
17425211;587;531;658;479;701;688
14917338;742;609;480;737;693;643
18679144;674;579;675;568;556;623
16171280;706;621;750;510;538;633
17425212;663;542;645;577;487;571
14917339;730;624;519;613;588;477
18679145;708;675;745;553;496;733
16171281;675;659;740;657;713;486
17425213;596;640;679;588;513;746
14917340;728;572;508;595;724;715
18679146;735;621;514;479;717;543
16171282;645;544;710;477;611;542
17425214;602;723;738;642;587;745
14917341;726;516;748;672;671;544
18679147;543;542;618;584;500;610
16171283;679;512;493;667;557;676
17425215;525;738;711;613;692;494
14917342;576;724;569;680;541;666
18679148;727;507;558;739;724;494
16171284;548;657;555;574;573;707
17425216;633;643;565;510;735;643
14917343;610;683;509;619;646;671
18679149;558;690;661;663;526;580
16171285;598;558;528;633;707;500
17425217;612;520;507;529;649;621
14917344;544;729;482;564;650;543
18679150;747;708;652;713;559;554
16171286;739;610;676;718;594;585
17425218;599;586;732;584;521;544
14917345;712;690;527;537;646;567
18679151;729;714;601;586;745;743
16171287;632;612;554;609;610;593
17425219;521;662;598;636;708;729
14917346;533;710;481;744;700;609
18679152;748;636;525;717;608;711
16171288;601;634;574;635;707;656
17425220;562;490;506;500;616;716
14917347;569;484;633;676;676;673
18679153;740;603;541;499;475;699
16171289;515;582;691;475;578;656
17425221;543;485;671;684;604;641
14917348;683;669;692;714;645;572
18679154;604;712;644;734;649;597
16171290;551;705;657;552;649;689
17425222;744;573;506;533;708;647
14917349;748;673;522;606;657;547
18679155;679;700;741;571;652;525
16171291;589;540;495;711;549;638
17425223;730;703;676;700;689;487
14917350;713;577;595;541;525;583
18679156;551;561;672;679;533;600
16171292;706;587;493;732;654;685
17425224;482;719;631;647;651;620
14917351;552;730;673;602;517;603
18679157;543;526;502;506;712;488
16171293;657;533;551;601;610;682
17425225;648;700;630;500;680;724
14917352;632;722;666;638;494;618
18679158;651;718;512;604;505;654
16171294;604;708;610;514;572;586
17425226;542;557;521;610;549;644
14917353;704;616;530;539;519;500
18679159;608;672;694;665;477;477
16171295;750;632;641;637;630;558
17425227;655;586;624;487;719;743
14917354;590;704;631;595;728;610
18679160;630;711;574;640;701;608
16171296;539;643;489;485;745;622
17425228;668;662;720;679;509;717
14917355;718;515;512;613;592;557
18679161;570;744;704;579;630;672
16171297;489;622;674;516;691;530
17425229;621;649;485;628;582;735
14917356;502;505;572;596;631;629
16171298;525;579;705;525;490;631
18679162;558;583;711;740;554;695
17425230;540;501;708;628;602;593
14917357;571;727;491;522;730;681
16171299;528;709;539;480;717;554
18679163;568;645;745;567;664;506
17425231;531;578;592;733;720;734
14917358;717;736;667;537;712;543
16171300;680;578;641;671;570;530
18679164;713;707;511;540;539;694
17425232;680;589;514;632;660;556
14917359;598;629;737;639;703;749
16171301;554;746;565;618;650;544
18679165;484;533;480;666;494;524
17425233;580;518;534;748;513;743
14917360;603;542;565;480;740;494
16171302;612;579;670;559;619;522
18679166;518;607;520;693;735;510
17425234;500;503;658;499;728;537
14917361;720;510;629;565;717;510
16171303;531;657;496;666;517;633
18679167;692;551;688;713;632;551
17425235;563;580;531;641;655;640
14917362;633;486;739;523;491;590
16171304;689;651;635;745;714;695
18679168;554;647;545;524;496;500
17425236;664;644;537;665;525;488
14917363;657;602;729;719;737;540
16171305;724;518;612;699;747;693
18679169;708;524;706;726;735;714
17425237;688;594;727;689;725;504
14917364;507;578;704;541;619;641
16171306;597;627;600;715;500;507
18679170;519;594;745;684;722;668
17425238;582;674;580;642;671;685
14917365;588;588;520;536;743;477
16171307;571;499;697;719;573;625
18679171;650;560;506;691;702;550
17425239;538;680;497;638;669;675
14917366;664;561;482;587;525;502
16171308;652;628;560;709;503;737
18679172;523;490;556;482;570;554
17425240;698;491;508;518;699;694
14917367;534;573;604;515;609;475
16171309;680;614;687;487;663;538
18679173;693;700;691;667;506;584
17425241;749;565;683;518;697;637
14917368;702;554;714;647;503;481
16171310;591;510;613;692;502;547
18679174;681;705;538;579;671;528
17425242;598;643;661;634;622;642
14917369;643;621;491;512;571;670
16171311;543;639;640;529;479;550
18679175;648;517;513;742;478;564
17425243;739;706;493;552;503;680
14917370;633;709;551;729;595;594
16171312;518;629;586;712;558;546
18679176;639;571;601;582;714;579
17425244;504;582;681;707;587;666
14917371;567;740;558;493;609;660
16171313;559;504;523;657;712;588
18679177;730;562;544;562;628;667
17425245;604;491;744;678;486;736
14917372;563;585;576;492;583;540
16171314;727;482;483;571;646;740
18679178;552;557;519;694;540;561
17425246;674;475;642;684;574;668
14917373;524;728;606;580;650;697
16171315;518;683;477;654;536;551
18679179;686;625;476;663;712;524
17425247;732;702;487;698;573;545
14917374;536;696;577;636;510;662
16171316;706;680;619;502;593;497
18679180;656;538;530;600;485;638
17425248;620;530;584;569;553;619
14917375;497;501;560;645;609;566
16171317;542;487;509;662;586;524
18679181;490;654;556;546;493;702
17425249;664;590;590;501;639;522
14917376;736;646;560;718;529;549
16171318;636;649;578;709;693;501
18679182;702;575;530;681;479;588
17425250;525;615;539;618;522;584
14917377;720;593;571;588;609;655
16171319;741;624;597;515;741;688
18679183;558;556;689;556;514;545
17425251;564;674;558;545;519;583
14917378;484;609;545;617;540;749
16171320;693;617;681;516;677;735
18679184;646;490;524;592;592;746
17425252;680;576;703;631;649;488
14917379;688;507;717;506;553;622
16171321;555;551;591;629;565;612
18679185;735;682;534;695;599;523
17425253;674;681;539;493;564;544
14917380;542;604;680;587;736;665
16171322;498;676;552;616;664;516
18679186;713;668;607;747;668;565
17425254;501;554;595;545;657;732
14917381;583;553;640;518;594;562
16171323;684;728;489;492;665;556
18679187;738;633;505;484;538;565
17425255;485;535;692;557;676;539
14917382;638;515;568;484;520;734
16171324;518;565;641;615;524;528
18679188;513;541;526;665;595;657
17425256;638;570;510;607;738;747
14917383;551;543;580;626;482;577
16171325;719;698;503;596;513;706
18679189;669;635;698;691;720;679
17425257;703;550;713;706;628;621
14917384;636;521;535;522;505;635
16171326;480;504;690;609;654;509
18679190;545;518;501;595;498;698
17425258;627;622;710;516;656;636
14917385;486;559;680;605;745;614
16171327;636;503;685;511;606;509
18679191;494;649;572;677;617;712
17425259;604;600;592;631;560;590
14917386;734;632;743;658;693;731
16171328;542;705;585;665;555;578
18679192;584;685;711;489;680;692
17425260;495;697;682;587;682;616
14917387;549;743;508;481;687;479
18679193;696;605;496;675;643;656
16171329;734;639;637;642;711;554
17425261;696;651;630;496;592;677
14917388;537;506;733;650;625;724
18679194;633;594;747;572;699;570
16171330;619;618;487;707;582;545
17425262;712;552;548;623;512;531
14917389;678;715;574;600;489;511
18679195;575;642;613;532;565;673
16171331;627;514;552;616;660;573
17425263;668;569;717;653;483;635
14917390;620;530;496;475;583;710
18679196;475;599;553;703;582;629
16171332;577;668;652;560;567;509
17425264;519;578;603;531;625;746
14917391;667;476;533;588;523;638
18679197;493;615;505;523;552;635
16171333;646;559;573;573;593;735
17425265;653;704;690;609;558;662
14917392;604;623;686;681;524;711
18679198;747;579;525;741;686;715